5.000000e-02 5.000000e-02 2.256250e-03
5.000000e-02 1.000000e-01 4.275000e-03
5.000000e-02 1.500000e-01 6.056250e-03
5.000000e-02 2.000000e-01 7.600000e-03
5.000000e-02 2.500000e-01 8.906250e-03
5.000000e-02 3.000000e-01 9.975000e-03
5.000000e-02 3.500000e-01 1.080625e-02
5.000000e-02 4.000000e-01 1.140000e-02
5.000000e-02 4.500000e-01 1.175625e-02
5.000000e-02 5.000000e-01 1.187500e-02
5.000000e-02 5.500000e-01 1.175625e-02
5.000000e-02 6.000000e-01 1.140000e-02
5.000000e-02 6.500000e-01 1.080625e-02
5.000000e-02 7.000000e-01 9.975000e-03
5.000000e-02 7.500000e-01 8.906250e-03
5.000000e-02 8.000000e-01 7.600000e-03
5.000000e-02 8.500000e-01 6.056250e-03
5.000000e-02 9.000000e-01 4.275000e-03
5.000000e-02 9.500000e-01 2.256250e-03

1.000000e-01 5.000000e-02 4.275000e-03
1.000000e-01 1.000000e-01 8.100000e-03
1.000000e-01 1.500000e-01 1.147500e-02
1.000000e-01 2.000000e-01 1.440000e-02
1.000000e-01 2.500000e-01 1.687500e-02
1.000000e-01 3.000000e-01 1.890000e-02
1.000000e-01 3.500000e-01 2.047500e-02
1.000000e-01 4.000000e-01 2.160000e-02
1.000000e-01 4.500000e-01 2.227500e-02
1.000000e-01 5.000000e-01 2.250000e-02
1.000000e-01 5.500000e-01 2.227500e-02
1.000000e-01 6.000000e-01 2.160000e-02
1.000000e-01 6.500000e-01 2.047500e-02
1.000000e-01 7.000000e-01 1.890000e-02
1.000000e-01 7.500000e-01 1.687500e-02
1.000000e-01 8.000000e-01 1.440000e-02
1.000000e-01 8.500000e-01 1.147500e-02
1.000000e-01 9.000000e-01 8.100000e-03
1.000000e-01 9.500000e-01 4.275000e-03

1.500000e-01 5.000000e-02 6.056250e-03
1.500000e-01 1.000000e-01 1.147500e-02
1.500000e-01 1.500000e-01 1.625625e-02
1.500000e-01 2.000000e-01 2.040000e-02
1.500000e-01 2.500000e-01 2.390625e-02
1.500000e-01 3.000000e-01 2.677500e-02
1.500000e-01 3.500000e-01 2.900625e-02
1.500000e-01 4.000000e-01 3.060000e-02
1.500000e-01 4.500000e-01 3.155625e-02
1.500000e-01 5.000000e-01 3.187500e-02
1.500000e-01 5.500000e-01 3.155625e-02
1.500000e-01 6.000000e-01 3.060000e-02
1.500000e-01 6.500000e-01 2.900625e-02
1.500000e-01 7.000000e-01 2.677500e-02
1.500000e-01 7.500000e-01 2.390625e-02
1.500000e-01 8.000000e-01 2.040000e-02
1.500000e-01 8.500000e-01 1.625625e-02
1.500000e-01 9.000000e-01 1.147500e-02
1.500000e-01 9.500000e-01 6.056250e-03

2.000000e-01 5.000000e-02 7.600000e-03
2.000000e-01 1.000000e-01 1.440000e-02
2.000000e-01 1.500000e-01 2.040000e-02
2.000000e-01 2.000000e-01 2.560000e-02
2.000000e-01 2.500000e-01 3.000000e-02
2.000000e-01 3.000000e-01 3.360000e-02
2.000000e-01 3.500000e-01 3.640000e-02
2.000000e-01 4.000000e-01 3.840000e-02
2.000000e-01 4.500000e-01 3.960000e-02
2.000000e-01 5.000000e-01 4.000000e-02
2.000000e-01 5.500000e-01 3.960000e-02
2.000000e-01 6.000000e-01 3.840000e-02
2.000000e-01 6.500000e-01 3.640000e-02
2.000000e-01 7.000000e-01 3.360000e-02
2.000000e-01 7.500000e-01 3.000000e-02
2.000000e-01 8.000000e-01 2.560000e-02
2.000000e-01 8.500000e-01 2.040000e-02
2.000000e-01 9.000000e-01 1.440000e-02
2.000000e-01 9.500000e-01 7.600000e-03

2.500000e-01 5.000000e-02 8.906250e-03
2.500000e-01 1.000000e-01 1.687500e-02
2.500000e-01 1.500000e-01 2.390625e-02
2.500000e-01 2.000000e-01 3.000000e-02
2.500000e-01 2.500000e-01 3.515625e-02
2.500000e-01 3.000000e-01 3.937500e-02
2.500000e-01 3.500000e-01 4.265625e-02
2.500000e-01 4.000000e-01 4.500000e-02
2.500000e-01 4.500000e-01 4.640625e-02
2.500000e-01 5.000000e-01 4.687500e-02
2.500000e-01 5.500000e-01 4.640625e-02
2.500000e-01 6.000000e-01 4.500000e-02
2.500000e-01 6.500000e-01 4.265625e-02
2.500000e-01 7.000000e-01 3.937500e-02
2.500000e-01 7.500000e-01 3.515625e-02
2.500000e-01 8.000000e-01 3.000000e-02
2.500000e-01 8.500000e-01 2.390625e-02
2.500000e-01 9.000000e-01 1.687500e-02
2.500000e-01 9.500000e-01 8.906250e-03

3.000000e-01 5.000000e-02 9.975000e-03
3.000000e-01 1.000000e-01 1.890000e-02
3.000000e-01 1.500000e-01 2.677500e-02
3.000000e-01 2.000000e-01 3.360000e-02
3.000000e-01 2.500000e-01 3.937500e-02
3.000000e-01 3.000000e-01 4.410000e-02
3.000000e-01 3.500000e-01 4.777500e-02
3.000000e-01 4.000000e-01 5.040000e-02
3.000000e-01 4.500000e-01 5.197500e-02
3.000000e-01 5.000000e-01 5.250000e-02
3.000000e-01 5.500000e-01 5.197500e-02
3.000000e-01 6.000000e-01 5.040000e-02
3.000000e-01 6.500000e-01 4.777500e-02
3.000000e-01 7.000000e-01 4.410000e-02
3.000000e-01 7.500000e-01 3.937500e-02
3.000000e-01 8.000000e-01 3.360000e-02
3.000000e-01 8.500000e-01 2.677500e-02
3.000000e-01 9.000000e-01 1.890000e-02
3.000000e-01 9.500000e-01 9.975000e-03

3.500000e-01 5.000000e-02 1.080625e-02
3.500000e-01 1.000000e-01 2.047500e-02
3.500000e-01 1.500000e-01 2.900625e-02
3.500000e-01 2.000000e-01 3.640000e-02
3.500000e-01 2.500000e-01 4.265625e-02
3.500000e-01 3.000000e-01 4.777500e-02
3.500000e-01 3.500000e-01 5.175625e-02
3.500000e-01 4.000000e-01 5.460000e-02
3.500000e-01 4.500000e-01 5.630625e-02
3.500000e-01 5.000000e-01 5.687500e-02
3.500000e-01 5.500000e-01 5.630625e-02
3.500000e-01 6.000000e-01 5.460000e-02
3.500000e-01 6.500000e-01 5.175625e-02
3.500000e-01 7.000000e-01 4.777500e-02
3.500000e-01 7.500000e-01 4.265625e-02
3.500000e-01 8.000000e-01 3.640000e-02
3.500000e-01 8.500000e-01 2.900625e-02
3.500000e-01 9.000000e-01 2.047500e-02
3.500000e-01 9.500000e-01 1.080625e-02

4.000000e-01 5.000000e-02 1.140000e-02
4.000000e-01 1.000000e-01 2.160000e-02
4.000000e-01 1.500000e-01 3.060000e-02
4.000000e-01 2.000000e-01 3.840000e-02
4.000000e-01 2.500000e-01 4.500000e-02
4.000000e-01 3.000000e-01 5.040000e-02
4.000000e-01 3.500000e-01 5.460000e-02
4.000000e-01 4.000000e-01 5.760000e-02
4.000000e-01 4.500000e-01 5.940000e-02
4.000000e-01 5.000000e-01 6.000000e-02
4.000000e-01 5.500000e-01 5.940000e-02
4.000000e-01 6.000000e-01 5.760000e-02
4.000000e-01 6.500000e-01 5.460000e-02
4.000000e-01 7.000000e-01 5.040000e-02
4.000000e-01 7.500000e-01 4.500000e-02
4.000000e-01 8.000000e-01 3.840000e-02
4.000000e-01 8.500000e-01 3.060000e-02
4.000000e-01 9.000000e-01 2.160000e-02
4.000000e-01 9.500000e-01 1.140000e-02

4.500000e-01 5.000000e-02 1.175625e-02
4.500000e-01 1.000000e-01 2.227500e-02
4.500000e-01 1.500000e-01 3.155625e-02
4.500000e-01 2.000000e-01 3.960000e-02
4.500000e-01 2.500000e-01 4.640625e-02
4.500000e-01 3.000000e-01 5.197500e-02
4.500000e-01 3.500000e-01 5.630625e-02
4.500000e-01 4.000000e-01 5.940000e-02
4.500000e-01 4.500000e-01 6.125625e-02
4.500000e-01 5.000000e-01 6.187500e-02
4.500000e-01 5.500000e-01 6.125625e-02
4.500000e-01 6.000000e-01 5.940000e-02
4.500000e-01 6.500000e-01 5.630625e-02
4.500000e-01 7.000000e-01 5.197500e-02
4.500000e-01 7.500000e-01 4.640625e-02
4.500000e-01 8.000000e-01 3.960000e-02
4.500000e-01 8.500000e-01 3.155625e-02
4.500000e-01 9.000000e-01 2.227500e-02
4.500000e-01 9.500000e-01 1.175625e-02

5.000000e-01 5.000000e-02 1.187500e-02
5.000000e-01 1.000000e-01 2.250000e-02
5.000000e-01 1.500000e-01 3.187500e-02
5.000000e-01 2.000000e-01 4.000000e-02
5.000000e-01 2.500000e-01 4.687500e-02
5.000000e-01 3.000000e-01 5.250000e-02
5.000000e-01 3.500000e-01 5.687500e-02
5.000000e-01 4.000000e-01 6.000000e-02
5.000000e-01 4.500000e-01 6.187500e-02
5.000000e-01 5.000000e-01 6.250000e-02
5.000000e-01 5.500000e-01 6.187500e-02
5.000000e-01 6.000000e-01 6.000000e-02
5.000000e-01 6.500000e-01 5.687500e-02
5.000000e-01 7.000000e-01 5.250000e-02
5.000000e-01 7.500000e-01 4.687500e-02
5.000000e-01 8.000000e-01 4.000000e-02
5.000000e-01 8.500000e-01 3.187500e-02
5.000000e-01 9.000000e-01 2.250000e-02
5.000000e-01 9.500000e-01 1.187500e-02

5.500000e-01 5.000000e-02 1.175625e-02
5.500000e-01 1.000000e-01 2.227500e-02
5.500000e-01 1.500000e-01 3.155625e-02
5.500000e-01 2.000000e-01 3.960000e-02
5.500000e-01 2.500000e-01 4.640625e-02
5.500000e-01 3.000000e-01 5.197500e-02
5.500000e-01 3.500000e-01 5.630625e-02
5.500000e-01 4.000000e-01 5.940000e-02
5.500000e-01 4.500000e-01 6.125625e-02
5.500000e-01 5.000000e-01 6.187500e-02
5.500000e-01 5.500000e-01 6.125625e-02
5.500000e-01 6.000000e-01 5.940000e-02
5.500000e-01 6.500000e-01 5.630625e-02
5.500000e-01 7.000000e-01 5.197500e-02
5.500000e-01 7.500000e-01 4.640625e-02
5.500000e-01 8.000000e-01 3.960000e-02
5.500000e-01 8.500000e-01 3.155625e-02
5.500000e-01 9.000000e-01 2.227500e-02
5.500000e-01 9.500000e-01 1.175625e-02

6.000000e-01 5.000000e-02 1.140000e-02
6.000000e-01 1.000000e-01 2.160000e-02
6.000000e-01 1.500000e-01 3.060000e-02
6.000000e-01 2.000000e-01 3.840000e-02
6.000000e-01 2.500000e-01 4.500000e-02
6.000000e-01 3.000000e-01 5.040000e-02
6.000000e-01 3.500000e-01 5.460000e-02
6.000000e-01 4.000000e-01 5.760000e-02
6.000000e-01 4.500000e-01 5.940000e-02
6.000000e-01 5.000000e-01 6.000000e-02
6.000000e-01 5.500000e-01 5.940000e-02
6.000000e-01 6.000000e-01 5.760000e-02
6.000000e-01 6.500000e-01 5.460000e-02
6.000000e-01 7.000000e-01 5.040000e-02
6.000000e-01 7.500000e-01 4.500000e-02
6.000000e-01 8.000000e-01 3.840000e-02
6.000000e-01 8.500000e-01 3.060000e-02
6.000000e-01 9.000000e-01 2.160000e-02
6.000000e-01 9.500000e-01 1.140000e-02

6.500000e-01 5.000000e-02 1.080625e-02
6.500000e-01 1.000000e-01 2.047500e-02
6.500000e-01 1.500000e-01 2.900625e-02
6.500000e-01 2.000000e-01 3.640000e-02
6.500000e-01 2.500000e-01 4.265625e-02
6.500000e-01 3.000000e-01 4.777500e-02
6.500000e-01 3.500000e-01 5.175625e-02
6.500000e-01 4.000000e-01 5.460000e-02
6.500000e-01 4.500000e-01 5.630625e-02
6.500000e-01 5.000000e-01 5.687500e-02
6.500000e-01 5.500000e-01 5.630625e-02
6.500000e-01 6.000000e-01 5.460000e-02
6.500000e-01 6.500000e-01 5.175625e-02
6.500000e-01 7.000000e-01 4.777500e-02
6.500000e-01 7.500000e-01 4.265625e-02
6.500000e-01 8.000000e-01 3.640000e-02
6.500000e-01 8.500000e-01 2.900625e-02
6.500000e-01 9.000000e-01 2.047500e-02
6.500000e-01 9.500000e-01 1.080625e-02

7.000000e-01 5.000000e-02 9.975000e-03
7.000000e-01 1.000000e-01 1.890000e-02
7.000000e-01 1.500000e-01 2.677500e-02
7.000000e-01 2.000000e-01 3.360000e-02
7.000000e-01 2.500000e-01 3.937500e-02
7.000000e-01 3.000000e-01 4.410000e-02
7.000000e-01 3.500000e-01 4.777500e-02
7.000000e-01 4.000000e-01 5.040000e-02
7.000000e-01 4.500000e-01 5.197500e-02
7.000000e-01 5.000000e-01 5.250000e-02
7.000000e-01 5.500000e-01 5.197500e-02
7.000000e-01 6.000000e-01 5.040000e-02
7.000000e-01 6.500000e-01 4.777500e-02
7.000000e-01 7.000000e-01 4.410000e-02
7.000000e-01 7.500000e-01 3.937500e-02
7.000000e-01 8.000000e-01 3.360000e-02
7.000000e-01 8.500000e-01 2.677500e-02
7.000000e-01 9.000000e-01 1.890000e-02
7.000000e-01 9.500000e-01 9.975000e-03

7.500000e-01 5.000000e-02 8.906250e-03
7.500000e-01 1.000000e-01 1.687500e-02
7.500000e-01 1.500000e-01 2.390625e-02
7.500000e-01 2.000000e-01 3.000000e-02
7.500000e-01 2.500000e-01 3.515625e-02
7.500000e-01 3.000000e-01 3.937500e-02
7.500000e-01 3.500000e-01 4.265625e-02
7.500000e-01 4.000000e-01 4.500000e-02
7.500000e-01 4.500000e-01 4.640625e-02
7.500000e-01 5.000000e-01 4.687500e-02
7.500000e-01 5.500000e-01 4.640625e-02
7.500000e-01 6.000000e-01 4.500000e-02
7.500000e-01 6.500000e-01 4.265625e-02
7.500000e-01 7.000000e-01 3.937500e-02
7.500000e-01 7.500000e-01 3.515625e-02
7.500000e-01 8.000000e-01 3.000000e-02
7.500000e-01 8.500000e-01 2.390625e-02
7.500000e-01 9.000000e-01 1.687500e-02
7.500000e-01 9.500000e-01 8.906250e-03

8.000000e-01 5.000000e-02 7.600000e-03
8.000000e-01 1.000000e-01 1.440000e-02
8.000000e-01 1.500000e-01 2.040000e-02
8.000000e-01 2.000000e-01 2.560000e-02
8.000000e-01 2.500000e-01 3.000000e-02
8.000000e-01 3.000000e-01 3.360000e-02
8.000000e-01 3.500000e-01 3.640000e-02
8.000000e-01 4.000000e-01 3.840000e-02
8.000000e-01 4.500000e-01 3.960000e-02
8.000000e-01 5.000000e-01 4.000000e-02
8.000000e-01 5.500000e-01 3.960000e-02
8.000000e-01 6.000000e-01 3.840000e-02
8.000000e-01 6.500000e-01 3.640000e-02
8.000000e-01 7.000000e-01 3.360000e-02
8.000000e-01 7.500000e-01 3.000000e-02
8.000000e-01 8.000000e-01 2.560000e-02
8.000000e-01 8.500000e-01 2.040000e-02
8.000000e-01 9.000000e-01 1.440000e-02
8.000000e-01 9.500000e-01 7.600000e-03

8.500000e-01 5.000000e-02 6.056250e-03
8.500000e-01 1.000000e-01 1.147500e-02
8.500000e-01 1.500000e-01 1.625625e-02
8.500000e-01 2.000000e-01 2.040000e-02
8.500000e-01 2.500000e-01 2.390625e-02
8.500000e-01 3.000000e-01 2.677500e-02
8.500000e-01 3.500000e-01 2.900625e-02
8.500000e-01 4.000000e-01 3.060000e-02
8.500000e-01 4.500000e-01 3.155625e-02
8.500000e-01 5.000000e-01 3.187500e-02
8.500000e-01 5.500000e-01 3.155625e-02
8.500000e-01 6.000000e-01 3.060000e-02
8.500000e-01 6.500000e-01 2.900625e-02
8.500000e-01 7.000000e-01 2.677500e-02
8.500000e-01 7.500000e-01 2.390625e-02
8.500000e-01 8.000000e-01 2.040000e-02
8.500000e-01 8.500000e-01 1.625625e-02
8.500000e-01 9.000000e-01 1.147500e-02
8.500000e-01 9.500000e-01 6.056250e-03

9.000000e-01 5.000000e-02 4.275000e-03
9.000000e-01 1.000000e-01 8.100000e-03
9.000000e-01 1.500000e-01 1.147500e-02
9.000000e-01 2.000000e-01 1.440000e-02
9.000000e-01 2.500000e-01 1.687500e-02
9.000000e-01 3.000000e-01 1.890000e-02
9.000000e-01 3.500000e-01 2.047500e-02
9.000000e-01 4.000000e-01 2.160000e-02
9.000000e-01 4.500000e-01 2.227500e-02
9.000000e-01 5.000000e-01 2.250000e-02
9.000000e-01 5.500000e-01 2.227500e-02
9.000000e-01 6.000000e-01 2.160000e-02
9.000000e-01 6.500000e-01 2.047500e-02
9.000000e-01 7.000000e-01 1.890000e-02
9.000000e-01 7.500000e-01 1.687500e-02
9.000000e-01 8.000000e-01 1.440000e-02
9.000000e-01 8.500000e-01 1.147500e-02
9.000000e-01 9.000000e-01 8.100000e-03
9.000000e-01 9.500000e-01 4.275000e-03

9.500000e-01 5.000000e-02 2.256250e-03
9.500000e-01 1.000000e-01 4.275000e-03
9.500000e-01 1.500000e-01 6.056250e-03
9.500000e-01 2.000000e-01 7.600000e-03
9.500000e-01 2.500000e-01 8.906250e-03
9.500000e-01 3.000000e-01 9.975000e-03
9.500000e-01 3.500000e-01 1.080625e-02
9.500000e-01 4.000000e-01 1.140000e-02
9.500000e-01 4.500000e-01 1.175625e-02
9.500000e-01 5.000000e-01 1.187500e-02
9.500000e-01 5.500000e-01 1.175625e-02
9.500000e-01 6.000000e-01 1.140000e-02
9.500000e-01 6.500000e-01 1.080625e-02
9.500000e-01 7.000000e-01 9.975000e-03
9.500000e-01 7.500000e-01 8.906250e-03
9.500000e-01 8.000000e-01 7.600000e-03
9.500000e-01 8.500000e-01 6.056250e-03
9.500000e-01 9.000000e-01 4.275000e-03
9.500000e-01 9.500000e-01 2.256250e-03

