0.267579
0.0236774
0.0206877
0.019193
0.0166641
0.0133576
0.011077
0.00913222
0.00772765
0.00691962
0.00562061
0.00486192
0.00482582
0.0044495
0.00351922
0.00307002
0.00308175
0.00293171
0.00270055
0.00246167
0.00221447
0.0018737
0.00160436
0.00160489
0.00159436
0.00153842
0.0014698
0.0013978
0.00131834
0.00123785
0.00115075
0.0010702
0.00100023
0.00093918
0.000871497
0.000811929
0.000758558
0.000715578
0.000676593
0.000640121
0.000609389
0.000588938
0.000568887
0.000548958
0.000531142
0.000512145
0.00049309
0.000474596
0.000462865
0.000452057
0.000440125
0.000427737
0.000415256
0.000402886
0.000390747
0.000378912
0.00036742
0.000356293
0.00034554
0.000334764
0.00032376
0.000312955
0.000303823
0.000297946
0.000292104
0.000286311
0.000280574
0.000274901
0.000269295
0.000263759
0.000258574
0.00025374
0.000248959
0.000244232
0.00023956
0.000234942
0.00023038
0.000225873
0.000221422
0.000217028
0.000212692
0.000208414
0.000204196
0.000200036
0.000195938
0.0001919
0.000187924
0.000184009
0.000180157
0.000176368
0.000172642
0.000168978
0.000165378
0.000161841
0.000158367
0.000154956
0.000151604
0.000148285
0.000145166
0.0001421
0.00013908
0.000136119
0.000133225
0.0001304
0.000127646
0.000124961
0.000122343
0.000119789
0.000117297
0.000114865
0.000112489
0.000110168
0.000107899
0.00010568
0.000103509
0.000101385
9.92895e-05
9.72277e-05
9.52035e-05
9.32186e-05
9.1274e-05
8.93699e-05
8.75062e-05
8.56824e-05
8.38979e-05
8.21521e-05
8.04441e-05
7.87732e-05
7.71594e-05
7.56901e-05
7.4248e-05
7.28327e-05
7.14435e-05
7.00799e-05
6.87414e-05
6.74277e-05
6.61381e-05
6.48723e-05
6.36299e-05
6.24104e-05
6.1213e-05
6.0035e-05
5.88778e-05
5.77415e-05
5.66262e-05
5.55314e-05
5.44571e-05
5.34028e-05
5.23683e-05
5.13532e-05
5.03572e-05
4.93801e-05
4.84195e-05
4.74751e-05
4.65512e-05
4.56477e-05
4.47639e-05
4.38993e-05
4.30534e-05
4.22256e-05
4.14154e-05
4.06221e-05
3.98454e-05
3.90848e-05
3.83398e-05
3.76099e-05
3.68949e-05
3.62133e-05
3.55635e-05
3.49214e-05
3.42891e-05
3.36674e-05
3.30565e-05
3.24563e-05
3.18669e-05
3.12881e-05
3.07196e-05
3.01614e-05
2.96133e-05
2.90751e-05
2.85466e-05
2.80277e-05
2.75181e-05
2.70179e-05
2.65265e-05
2.60443e-05
2.55689e-05
2.50971e-05
2.4633e-05
2.4178e-05
2.37316e-05
2.32937e-05
2.28641e-05
2.24426e-05
2.2029e-05
2.16231e-05
2.12249e-05
2.08342e-05
2.04508e-05
2.00747e-05
1.97059e-05
1.93443e-05
1.89896e-05
1.86417e-05
1.83004e-05
1.79655e-05
1.76369e-05
1.73145e-05
1.6998e-05
1.66875e-05
1.63827e-05
1.60836e-05
1.579e-05
1.55018e-05
1.52189e-05
1.49413e-05
1.46688e-05
1.44013e-05
1.41387e-05
1.3881e-05
1.3628e-05
1.33797e-05
1.3136e-05
1.28967e-05
1.26618e-05
1.24313e-05
1.2205e-05
1.19829e-05
1.17649e-05
1.15508e-05
1.13407e-05
1.11345e-05
1.09321e-05
1.07334e-05
1.05384e-05
1.03469e-05
1.0159e-05
9.97457e-06
9.79351e-06
9.61579e-06
9.44135e-06
9.32334e-06
9.2855e-06
9.24767e-06
9.21018e-06
9.17305e-06
9.1363e-06
9.09991e-06
9.06389e-06
9.02823e-06
8.99292e-06
8.95797e-06
8.92336e-06
8.8891e-06
8.85517e-06
8.82158e-06
8.78832e-06
8.75539e-06
8.72278e-06
8.69049e-06
8.65852e-06
8.62686e-06
8.5955e-06
8.56445e-06
8.53369e-06
8.50323e-06
8.47306e-06
8.44318e-06
8.41358e-06
8.38427e-06
8.35522e-06
8.32645e-06
8.29795e-06
8.26972e-06
8.24174e-06
8.21402e-06
8.18656e-06
8.15935e-06
8.13238e-06
8.10566e-06
8.07918e-06
8.05294e-06
8.02693e-06
8.00115e-06
7.9756e-06
7.95027e-06
7.92517e-06
7.90028e-06
7.87561e-06
7.85115e-06
7.8269e-06
7.80285e-06
7.77901e-06
7.75537e-06
7.73192e-06
7.70868e-06
7.68562e-06
7.66275e-06
7.64007e-06
7.61757e-06
7.59526e-06
7.57312e-06
7.56026e-06
7.54765e-06
7.53323e-06
7.51856e-06
7.50396e-06
7.48945e-06
7.47506e-06
7.46077e-06
7.44662e-06
7.43259e-06
7.41869e-06
7.40492e-06
7.39128e-06
7.37778e-06
7.36442e-06
7.35119e-06
7.33809e-06
7.32512e-06
7.31229e-06
7.29959e-06
7.28702e-06
7.27458e-06
7.26227e-06
7.25009e-06
7.23804e-06
7.22611e-06
7.2143e-06
7.20262e-06
7.19106e-06
7.17962e-06
7.1683e-06
7.1571e-06
7.14601e-06
7.13504e-06
7.12418e-06
7.11344e-06
7.1028e-06
7.09228e-06
7.08186e-06
7.07155e-06
7.06135e-06
7.05125e-06
7.04139e-06
7.03136e-06
7.02153e-06
7.01184e-06
7.00225e-06
6.99275e-06
6.98334e-06
6.97403e-06
6.96482e-06
6.95569e-06
6.94666e-06
6.93771e-06
6.92886e-06
6.92009e-06
6.9114e-06
6.9028e-06
6.89429e-06
6.88585e-06
6.8775e-06
6.86923e-06
6.86104e-06
6.85293e-06
6.84489e-06
6.83693e-06
6.82905e-06
6.82124e-06
6.8135e-06
6.80584e-06
6.79825e-06
6.79073e-06
6.78328e-06
6.77589e-06
6.76857e-06
6.76132e-06
6.75414e-06
6.74702e-06
6.73997e-06
6.73297e-06
6.72605e-06
6.71918e-06
6.71237e-06
6.70563e-06
6.69894e-06
6.69231e-06
6.68574e-06
6.67922e-06
6.67277e-06
6.66636e-06
6.66001e-06
6.65372e-06
5.94784e-06
5.17115e-06
4.62765e-06
4.2363e-06
3.94025e-06
3.70657e-06
3.51569e-06
