0.217579
0.05098
0.0247018
0.0121393
0.00673466
0.00570254
0.00400475
0.00291306
0.00264005
0.00238112
0.00204351
0.0017182
0.0014797
0.00129815
0.00113636
0.000999195
0.000874674
0.000780553
0.000712648
0.000651496
0.000595799
0.000543013
0.000493939
0.000448675
0.000397309
0.000343074
0.000322069
0.000308767
0.000294865
0.000280843
0.000266975
0.000253429
0.00024031
0.00022768
0.000215572
0.000204
0.000192967
0.000182466
0.000172485
0.000163009
0.00015402
0.000145499
0.000137426
0.000129781
0.000122544
0.000115695
0.000109216
0.000100316
7.57101e-05
6.6446e-05
5.67769e-05
4.82722e-05
4.10418e-05
3.66067e-05
3.40784e-05
3.1719e-05
2.95223e-05
2.7479e-05
2.55793e-05
2.3813e-05
2.21706e-05
2.06431e-05
1.92222e-05
1.79002e-05
1.66698e-05
1.55246e-05
1.44584e-05
1.34658e-05
1.33204e-05
1.32263e-05
1.3134e-05
1.30437e-05
1.29551e-05
1.28683e-05
1.27831e-05
1.26996e-05
1.26176e-05
1.25372e-05
1.24583e-05
1.23808e-05
1.23047e-05
1.223e-05
1.21567e-05
1.20846e-05
1.20138e-05
1.19442e-05
1.18759e-05
1.18087e-05
1.17426e-05
1.16777e-05
1.16139e-05
1.15511e-05
1.14894e-05
1.14287e-05
1.13689e-05
1.13102e-05
1.12524e-05
1.11955e-05
1.11395e-05
1.10844e-05
1.10301e-05
1.09767e-05
1.09242e-05
1.08724e-05
1.08214e-05
1.07712e-05
1.07217e-05
1.0673e-05
1.0625e-05
1.05777e-05
1.05311e-05
1.04852e-05
1.044e-05
1.03954e-05
1.03514e-05
1.0308e-05
1.02653e-05
1.02231e-05
1.01815e-05
1.01405e-05
1.01e-05
1.00601e-05
1.00208e-05
9.98189e-06
9.94354e-06
9.90568e-06
9.86832e-06
9.83143e-06
9.79502e-06
9.75905e-06
9.72354e-06
9.68847e-06
9.65382e-06
9.6196e-06
9.58578e-06
9.55237e-06
9.51935e-06
9.48672e-06
9.45447e-06
9.42258e-06
9.39106e-06
9.35989e-06
9.32906e-06
9.29858e-06
9.26843e-06
9.2386e-06
9.20909e-06
9.1799e-06
9.15101e-06
9.12243e-06
9.09414e-06
9.06612e-06
9.03838e-06
9.01093e-06
8.98373e-06
8.9568e-06
8.93013e-06
8.90371e-06
8.87754e-06
8.85161e-06
8.82592e-06
8.80045e-06
8.77523e-06
8.75021e-06
8.72542e-06
8.70084e-06
8.67647e-06
8.65231e-06
8.62834e-06
8.60457e-06
8.581e-06
8.55761e-06
8.53441e-06
8.51139e-06
8.48854e-06
8.46588e-06
7.27286e-06
6.35604e-06
5.71459e-06
5.24489e-06
4.88435e-06
4.59638e-06
4.35893e-06
4.15802e-06
3.98448e-06
3.8624e-06
3.85373e-06
3.84562e-06
3.83812e-06
3.83103e-06
3.82432e-06
3.81796e-06
3.81192e-06
3.80613e-06
3.80058e-06
3.79522e-06
3.79002e-06
3.78495e-06
3.77999e-06
3.77512e-06
3.7703e-06
3.76552e-06
3.76076e-06
3.75601e-06
3.75125e-06
3.74649e-06
3.74168e-06
3.73685e-06
3.73197e-06
3.72705e-06
3.72206e-06
3.71703e-06
3.71192e-06
3.70675e-06
3.70152e-06
3.69621e-06
3.69082e-06
3.68537e-06
3.67984e-06
3.67424e-06
3.66856e-06
3.6628e-06
3.65698e-06
3.65107e-06
3.6451e-06
3.63904e-06
3.63292e-06
3.62672e-06
3.62046e-06
3.61413e-06
3.60772e-06
3.60126e-06
3.59472e-06
3.58813e-06
3.58147e-06
3.57475e-06
3.56797e-06
3.56114e-06
3.55424e-06
3.5473e-06
3.5403e-06
3.53325e-06
3.52615e-06
3.519e-06
3.5118e-06
3.50457e-06
3.49728e-06
3.48996e-06
3.48258e-06
3.47518e-06
3.46773e-06
3.46025e-06
3.45273e-06
3.44518e-06
3.43759e-06
3.42999e-06
3.42233e-06
3.41467e-06
3.40696e-06
3.39924e-06
3.39148e-06
3.3837e-06
3.37591e-06
3.36808e-06
3.36025e-06
3.35238e-06
3.3445e-06
3.3366e-06
3.32869e-06
3.32076e-06
3.31282e-06
3.30486e-06
3.2969e-06
3.28891e-06
3.28092e-06
3.27292e-06
3.26491e-06
3.25689e-06
3.24886e-06
3.24082e-06
3.23278e-06
3.22475e-06
3.21669e-06
3.20864e-06
3.20058e-06
3.19253e-06
3.18446e-06
3.17641e-06
3.16834e-06
3.16028e-06
3.15221e-06
3.14416e-06
3.13609e-06
3.12804e-06
3.11998e-06
3.11194e-06
3.10389e-06
3.09585e-06
3.08781e-06
3.07978e-06
3.07176e-06
3.06373e-06
3.05572e-06
3.04771e-06
3.03972e-06
3.03172e-06
3.02374e-06
3.01576e-06
3.0078e-06
2.99984e-06
2.9919e-06
2.98396e-06
2.97604e-06
2.96812e-06
2.96022e-06
2.95232e-06
2.94444e-06
2.93657e-06
2.92871e-06
2.92087e-06
2.91303e-06
2.90521e-06
2.8974e-06
2.88961e-06
2.88183e-06
2.87407e-06
2.86631e-06
2.85857e-06
2.85084e-06
2.84314e-06
2.83544e-06
2.82776e-06
2.82009e-06
2.81245e-06
2.80481e-06
2.79719e-06
2.78958e-06
2.782e-06
2.77443e-06
2.76688e-06
2.75933e-06
2.75182e-06
2.7443e-06
2.73682e-06
2.72934e-06
2.72188e-06
2.71445e-06
2.70702e-06
2.69963e-06
2.69223e-06
2.68487e-06
2.67751e-06
2.67018e-06
2.66286e-06
2.65557e-06
2.64828e-06
2.64102e-06
2.63377e-06
2.62655e-06
2.61933e-06
2.61214e-06
2.60496e-06
2.59781e-06
2.59067e-06
2.58356e-06
2.57645e-06
2.56937e-06
2.5623e-06
2.55526e-06
2.54823e-06
2.54123e-06
2.53423e-06
2.52727e-06
2.52031e-06
2.51338e-06
2.50646e-06
2.49957e-06
2.49268e-06
2.48583e-06
2.47898e-06
2.47216e-06
2.46535e-06
2.45857e-06
2.4518e-06
2.44506e-06
2.43832e-06
2.43162e-06
2.42492e-06
2.41825e-06
2.41159e-06
2.40496e-06
2.39834e-06
2.39175e-06
2.38516e-06
2.37861e-06
2.37206e-06
2.36554e-06
2.35904e-06
2.35254e-06
2.34608e-06
2.33963e-06