1.01139
0.188623
0.0410302
0.0235056
0.0188913
0.0152783
0.0124611
0.0102918
0.00960776
0.00817582
0.00767808
0.00739688
0.00654199
0.00631372
0.00612518
0.00595116
0.00535958
0.0052512
0.00516461
0.00511049
0.00506122
0.0045581
0.0045239
0.00449755
0.00447163
0.00443898
0.00440943
0.00438324
0.00376161
0.00374351
0.00372822
0.00371471
0.00370251
0.00369229
0.00369442
0.00369121
0.00368487
0.00367801
0.00367112
0.0025916
0.00258859
0.00258564
0.00258518
0.0025834
0.00258115
0.00257903
0.00257738
0.0025759
0.00257431
0.00257276
0.00257127
0.00256976
0.00256834
0.002567
0.00256572
0.00256974
0.00257699
0.00257992
0.00258092
0.00258125
0.00258124
0.00258104
0.00258071
0.00258031
0.00253711
0.00168522
0.00168376
0.00168241
0.00168118
0.00168
0.00167887
0.00168282
0.00168328
0.00168263
0.00168977
0.00175125
0.00177806
0.00179164
0.00179953
0.00180462
0.00180819
0.00181083
0.00181268
0.00181374
0.00166517
0.0011101
0.00100408
0.000995891
0.00099179
0.00099028
0.00099017
0.000990809
0.000991401
0.000992026
0.000992644
0.000993229
0.000993773
0.000994273
0.000994733
0.000995155
0.000995546
0.000995907
0.000996243
0.000996556
0.000996848
0.000997123
0.000997381
0.000997625
0.000997856
0.000998074
0.000998283
0.00099848
0.000998669
0.000998849
0.000999022
0.000999206
0.00100151
0.0010026
0.00100333
0.00100389
0.00100434
0.00100471
0.00100502
0.00100529
0.00100552
0.00100573
0.00100591
0.00100608
0.00100623
0.00100635
0.00100645
0.00100655
0.00100664
0.00100673
0.00100682
0.0010069
0.00100699
0.00100707
0.00100714
0.00100721
0.00100728
0.00100735
0.00100742
0.00100748
0.00100753
0.00100759
0.00100764
0.000999473
0.000579241
0.000549485
0.000550265
0.000551036
0.000551799
0.000552553
0.000553297
0.000554032
0.000554758
0.000555474
0.000556181
0.000556878
0.000557566
0.000558244
0.000558892
0.000559464
0.00056001
0.000560554
0.000561105
0.000561662
0.000562222
0.000562783
0.000563343
0.000563899
0.000564451
0.000564998
0.000565539
0.000566074
0.000566602
0.000566501
0.000565879
0.000565473
0.000565109
0.000564743
0.000564366
0.000563975
0.000563567
0.00056314
0.000562694
0.000562234
0.000561753
0.000561252
0.000560675
0.000554032
0.000545838
0.000538184
0.000531728
0.000526443
0.00052212
0.000518551
0.00051556
0.00051303
0.000510863
0.000508984
0.000507343
0.000505899
0.000504619
0.000469067
0.000392181
0.000360178
0.000361069
0.000362108
0.000363105
0.000364018
0.000364843
0.0003656
0.000366284
0.000366899
0.000367456
0.000367962
0.000368423
0.000368847
0.000369238
0.000369598
0.000369933
0.000370253
0.000370544
0.000370811
0.00037106
0.00037128
0.000371493
0.000371697
0.000371892
0.000372077
0.000372253
0.00037242
0.00037258
0.000372733
0.000372879
0.000373018
0.000373152
0.000373287
0.000373423
0.000373551
0.000373676
0.000373798
0.000373913
0.000374026
0.000374136
0.00037424
0.000374342
0.000374441
0.000374538
0.000374631
0.000374722
0.000374812
0.000374896
0.000374979
0.00037506
0.000375141
0.000375217
0.000375291
0.000375369
0.000375446
0.000375519
0.000375593
0.000375663
0.00037573
0.000375796
0.000375861
0.000375925
0.000375988
0.000376049
0.000376107
0.000376165
0.000376222
0.000376753
0.000377121
0.000377368
0.000377545
0.000377677
0.000377779
0.00037786
0.000377928
0.000377987
0.000378062
0.00037815
0.000378224
0.00037829
0.00037835
0.000378405
0.000378455
0.0003785
0.000378543
0.000378583
0.000378621
0.000378657
0.000378691
0.000378724
0.000378756
0.000378788
0.000378818
0.000378846
0.000378876
0.000378903
0.00037893
0.000378957
0.000378983
0.000379009
0.000379035
0.000379059
0.000379084
0.000379108
0.000379131
0.000379154
0.000379177
0.000379199
0.000379221
0.000379243
0.000379264
0.000379284
0.000379305
0.000379325
0.000379345
0.000379364
0.000379384
0.000379402
0.00037942
0.000379438
0.000379456
0.000379473
0.00037949
0.000379507
0.000379523
0.000379539
0.000379555
0.000379571
0.000379586
0.000379601
0.000379615
0.00037963
0.000379644
0.000379658
0.000379671
0.000379684
0.000379697
0.00037971
0.000379723
0.000379735
0.000379747
0.000379759
0.00037977
0.000379782
0.000379793
0.000379804
0.000379815
0.000379825
0.000379836
0.000379846
0.0002428
0.000229928
0.000229953
0.000229978
0.000230002
0.000230026
0.00023005
0.000230073
0.000230104
0.000230139
0.000230175
0.000230211
0.000230247
0.000230283
0.000230318
0.000230353
0.000230387
0.00023042
0.000230453
0.000230485
0.000230516
0.000230546
0.000230576
0.000230605
0.000230633
0.000230661
0.000230689
0.000230716
0.000230742
0.000230768
0.000230794
0.000230819
0.000230844
0.000230868
0.000230892
0.000230916
0.000230939
0.000230962
0.000230985
0.000231007
0.000231029
0.000231051
0.000231072
0.000231093
0.000231114
0.000231134
0.000231155
0.000231175
0.000231195
0.000231214
0.000231234
0.000231253
0.000231272
0.00023129
0.000231309
0.000231332
0.000231364
0.000231399
0.000231433
0.000231466
0.000231498
0.00023153
0.00023156
0.000231589
0.000231618
0.000231646
0.000231673
0.000231699
0.000231534
0.000231366
0.000231224
0.000231096
0.000230976
0.000230861
0.000230751
0.000230646
0.000230546
0.000230449
0.000230357
0.000230268
0.000230182
0.0002301
0.00023002
0.000229944
0.00022987
0.000229798
0.000229729
0.000229663
0.000229598
0.000229536
0.000229475
0.000229417
0.00022936
0.000229305
0.000229252
0.0002292
0.00022915
0.000229101
0.000229054
0.000229009
0.000228965
0.000228922
0.00022888
0.00022884
0.000228801
0.000228763
0.000228726
0.000228691
0.000228656
0.000228623
0.000228591
0.000228559
0.000228529
0.0002285
0.000228471
0.000228444
0.000228417
0.000228392
0.00022837
0.000227549
0.000225511
0.000224077
0.000222733
0.00022142
0.00022013
0.000218864
0.00021762
0.000216399
0.000215198
0.000214019
0.00021286
0.000208875
0.000204978
0.000201798
0.000199245
0.000197167
0.000195429
0.000193965
0.000194451
0.000195693
0.000196761
0.000197691
0.000198515
