0.964712
0.308093
0.138261
0.0665296
0.0328833
0.0164202
0.00823577
0.00589581
0.00549016
0.00537395
0.00342567
0.00339213
0.00335041
0.00329249
0.0032565
0.00322492
0.00318156
0.00323971
0.00343419
0.00351394
0.00355076
0.00298989
0.00168916
0.00174112
0.00177446
0.00179822
0.00181609
0.00156989
0.00117241
0.000870305
0.000642859
0.000476753
0.000492083
0.000505165
0.000516317
0.000525817
0.000533949
0.000540931
0.000546949
0.000552144
0.000556634
0.000560529
0.000563918
0.000566854
0.000569412
0.000571641
0.000573588
0.000575253
0.000576726
0.000578035
0.000579188
0.000580213
0.000581131
0.000581965
0.000582725
0.000583405
0.000584023
0.000584593
0.000585125
0.000585619
0.000586081
0.000586516
0.000586928
0.000587322
0.000587701
0.000588066
0.00058842
0.000588765
0.0005891
0.000589426
0.000589746
0.000590068
0.000590376
0.000590678
0.000590975
0.000591269
0.00059156
0.000591846
0.000592129
0.000592407
0.000592681
0.00059295
0.000593216
0.000593478
0.000593745
0.000593998
0.000594245
0.000594487
0.000594725
0.000594958
0.000595186
0.000595409
0.000595628
0.00059584
0.000596047
0.000596248
0.000596443
0.000596632
0.000596815
0.000596993
0.000597165
0.000597326
0.000597483
0.000597632
0.000597774
0.000597912
0.00059804
0.000598161
0.000598275
0.000598383
0.000598483
0.000598576
0.000598662
0.00059874
0.000598811
0.000598874
0.00059893
0.000598979
0.00059902
0.000599053
0.000599078
0.000599095
0.000599104
0.000599106
0.0005991
0.000599086
0.000599064
0.000599034
0.000598996
0.000599669
0.000600711
0.000601715
0.000602585
0.00060331
0.000603894
0.000604353
0.000604703
0.000604957
0.000605123
0.000605219
0.000605253
0.000605232
0.000605164
0.000605052
0.000604903
0.00060472
0.000604506
0.000604265
0.000603999
0.00060371
0.0006034
0.000603069
0.00060272
0.000602352
0.000601968
0.000601568
0.000601153
0.000600723
0.00060028
0.000599822
0.000599351
0.000598867
0.00059837
0.00059786
0.000597339
0.000596806
0.000596262
0.000595706
0.000595139
0.000594561
0.000593973
0.000593373
0.000592763
0.000592142
0.000591512
0.000590871
0.00059022
0.00058956
0.000588889
0.000588209
0.00058752
0.00058682
0.000586112
0.000585394
0.000584666
0.00058393
0.000583184
0.00058243
0.000581666
0.000580893
0.000580112
0.000579321
0.000578522
0.000577715
0.000576898
0.000576074
0.00057524
0.000574399
0.000573549
0.00057269
0.000571824
0.000570949
0.000570066
0.000569175
0.000568277
0.00056737
0.000566455
0.000565532
0.000564601
0.000563663
0.000562717
0.000561763
0.000560802
0.000559833
0.000558857
0.000557873
0.000556881
0.000555883
0.000554876
0.000553863
0.000552843
0.000551815
0.00055078
0.000549738
0.000548688
0.000547632
0.000546569
0.000545499
0.000544421
0.000543337
0.000542247
0.000541149
0.000540045
0.000538934
0.000537816
0.000536692
0.000535561
0.000534424
0.000456568
0.000439885
0.000439863
0.000440319
0.000440733
0.000441011
0.000441148
0.000441157
0.000441056
0.000440864
0.000440596
0.000440267
0.000439886
0.000439463
0.000439004
0.000438515
0.000437999
0.000437461
0.000436904
0.000436329
0.000435737
0.000435132
0.000434513
0.000433882
0.00043324
0.000372018
0.000371844
0.000372968
0.000374256
0.000375434
0.000376434
0.000377246
0.000377884
0.000378366
0.000378714
0.000378946
0.000379078
0.000379127
0.000379102
0.000379016
0.000378875
0.000378655
0.000378398
0.000378103
0.000377776
0.00037742
0.000329042
0.000329372
0.000329596
0.000330377
0.00033153
0.000332533
0.000333365
0.000334032
0.000334551
0.000334942
0.000335224
0.000335414
0.000335526
0.000335573
0.000335565
0.000335511
