2.000000e-02 2.000000e-02 3.826658e-04
2.000000e-02 4.000000e-02 7.496614e-04
2.000000e-02 6.000000e-02 1.100981e-03
2.000000e-02 8.000000e-02 1.436650e-03
2.000000e-02 1.000000e-01 1.756646e-03
2.000000e-02 1.200000e-01 2.061011e-03
2.000000e-02 1.400000e-01 2.349708e-03
2.000000e-02 1.600000e-01 2.622791e-03
2.000000e-02 1.800000e-01 2.880209e-03
2.000000e-02 2.000000e-01 3.122031e-03
2.000000e-02 2.200000e-01 3.348191e-03
2.000000e-02 2.400000e-01 3.558771e-03
2.000000e-02 2.600000e-01 3.753693e-03
2.000000e-02 2.800000e-01 3.933048e-03
2.000000e-02 3.000000e-01 4.096748e-03
2.000000e-02 3.200000e-01 4.244894e-03
2.000000e-02 3.400000e-01 4.377387e-03
2.000000e-02 3.600000e-01 4.494336e-03
2.000000e-02 3.800000e-01 4.595634e-03
2.000000e-02 4.000000e-01 4.681398e-03
2.000000e-02 4.200000e-01 4.751511e-03
2.000000e-02 4.400000e-01 4.806095e-03
2.000000e-02 4.600000e-01 4.845031e-03
2.000000e-02 4.800000e-01 4.868441e-03
2.000000e-02 5.000000e-01 4.876203e-03
2.000000e-02 5.200000e-01 4.868441e-03
2.000000e-02 5.400000e-01 4.845031e-03
2.000000e-02 5.600000e-01 4.806095e-03
2.000000e-02 5.800000e-01 4.751511e-03
2.000000e-02 6.000000e-01 4.681398e-03
2.000000e-02 6.200000e-01 4.595634e-03
2.000000e-02 6.400000e-01 4.494336e-03
2.000000e-02 6.600000e-01 4.377387e-03
2.000000e-02 6.800000e-01 4.244894e-03
2.000000e-02 7.000000e-01 4.096748e-03
2.000000e-02 7.200000e-01 3.933048e-03
2.000000e-02 7.400000e-01 3.753693e-03
2.000000e-02 7.600000e-01 3.558771e-03
2.000000e-02 7.800000e-01 3.348191e-03
2.000000e-02 8.000000e-01 3.122031e-03
2.000000e-02 8.200000e-01 2.880209e-03
2.000000e-02 8.400000e-01 2.622791e-03
2.000000e-02 8.600000e-01 2.349708e-03
2.000000e-02 8.800000e-01 2.061011e-03
2.000000e-02 9.000000e-01 1.756646e-03
2.000000e-02 9.200000e-01 1.436650e-03
2.000000e-02 9.400000e-01 1.100981e-03
2.000000e-02 9.600000e-01 7.496614e-04
2.000000e-02 9.800000e-01 3.826658e-04

4.000000e-02 2.000000e-02 7.496614e-04
4.000000e-02 4.000000e-02 1.468607e-03
4.000000e-02 6.000000e-02 2.156871e-03
4.000000e-02 8.000000e-02 2.814427e-03
4.000000e-02 1.000000e-01 3.441341e-03
4.000000e-02 1.200000e-01 4.037554e-03
4.000000e-02 1.400000e-01 4.603162e-03
4.000000e-02 1.600000e-01 5.138077e-03
4.000000e-02 1.800000e-01 5.642422e-03
4.000000e-02 2.000000e-01 6.116080e-03
4.000000e-02 2.200000e-01 6.559202e-03
4.000000e-02 2.400000e-01 6.971644e-03
4.000000e-02 2.600000e-01 7.353580e-03
4.000000e-02 2.800000e-01 7.704841e-03
4.000000e-02 3.000000e-01 8.025622e-03
4.000000e-02 3.200000e-01 8.315735e-03
4.000000e-02 3.400000e-01 8.575390e-03
4.000000e-02 3.600000e-01 8.804381e-03
4.000000e-02 3.800000e-01 9.002934e-03
4.000000e-02 4.000000e-01 9.170825e-03
4.000000e-02 4.200000e-01 9.308293e-03
4.000000e-02 4.400000e-01 9.415102e-03
4.000000e-02 4.600000e-01 9.491497e-03
4.000000e-02 4.800000e-01 9.537234e-03
4.000000e-02 5.000000e-01 9.552563e-03
4.000000e-02 5.200000e-01 9.537234e-03
4.000000e-02 5.400000e-01 9.491497e-03
4.000000e-02 5.600000e-01 9.415102e-03
4.000000e-02 5.800000e-01 9.308293e-03
4.000000e-02 6.000000e-01 9.170825e-03
4.000000e-02 6.200000e-01 9.002934e-03
4.000000e-02 6.400000e-01 8.804381e-03
4.000000e-02 6.600000e-01 8.575390e-03
4.000000e-02 6.800000e-01 8.315735e-03
4.000000e-02 7.000000e-01 8.025622e-03
4.000000e-02 7.200000e-01 7.704841e-03
4.000000e-02 7.400000e-01 7.353580e-03
4.000000e-02 7.600000e-01 6.971644e-03
4.000000e-02 7.800000e-01 6.559202e-03
4.000000e-02 8.000000e-01 6.116080e-03
4.000000e-02 8.200000e-01 5.642422e-03
4.000000e-02 8.400000e-01 5.138077e-03
4.000000e-02 8.600000e-01 4.603162e-03
4.000000e-02 8.800000e-01 4.037554e-03
4.000000e-02 9.000000e-01 3.441341e-03
4.000000e-02 9.200000e-01 2.814427e-03
4.000000e-02 9.400000e-01 2.156871e-03
4.000000e-02 9.600000e-01 1.468607e-03
4.000000e-02 9.800000e-01 7.496614e-04

6.000000e-02 2.000000e-02 1.100981e-03
6.000000e-02 4.000000e-02 2.156871e-03
6.000000e-02 6.000000e-02 3.167653e-03
6.000000e-02 8.000000e-02 4.133402e-03
6.000000e-02 1.000000e-01 5.054055e-03
6.000000e-02 1.200000e-01 5.929732e-03
6.000000e-02 1.400000e-01 6.760323e-03
6.000000e-02 1.600000e-01 7.545993e-03
6.000000e-02 1.800000e-01 8.286588e-03
6.000000e-02 2.000000e-01 8.982313e-03
6.000000e-02 2.200000e-01 9.632973e-03
6.000000e-02 2.400000e-01 1.023881e-02
6.000000e-02 2.600000e-01 1.079959e-02
6.000000e-02 2.800000e-01 1.131559e-02
6.000000e-02 3.000000e-01 1.178655e-02
6.000000e-02 3.200000e-01 1.221276e-02
6.000000e-02 3.400000e-01 1.259393e-02
6.000000e-02 3.600000e-01 1.293039e-02
6.000000e-02 3.800000e-01 1.322181e-02
6.000000e-02 4.000000e-01 1.346855e-02
6.000000e-02 4.200000e-01 1.367026e-02
6.000000e-02 4.400000e-01 1.382729e-02
6.000000e-02 4.600000e-01 1.393930e-02
6.000000e-02 4.800000e-01 1.400666e-02
6.000000e-02 5.000000e-01 1.402898e-02
6.000000e-02 5.200000e-01 1.400666e-02
6.000000e-02 5.400000e-01 1.393930e-02
6.000000e-02 5.600000e-01 1.382729e-02
6.000000e-02 5.800000e-01 1.367026e-02
6.000000e-02 6.000000e-01 1.346855e-02
6.000000e-02 6.200000e-01 1.322181e-02
6.000000e-02 6.400000e-01 1.293039e-02
6.000000e-02 6.600000e-01 1.259393e-02
6.000000e-02 6.800000e-01 1.221276e-02
6.000000e-02 7.000000e-01 1.178655e-02
6.000000e-02 7.200000e-01 1.131559e-02
6.000000e-02 7.400000e-01 1.079959e-02
6.000000e-02 7.600000e-01 1.023881e-02
6.000000e-02 7.800000e-01 9.632973e-03
6.000000e-02 8.000000e-01 8.982313e-03
6.000000e-02 8.200000e-01 8.286588e-03
6.000000e-02 8.400000e-01 7.545993e-03
6.000000e-02 8.600000e-01 6.760323e-03
6.000000e-02 8.800000e-01 5.929732e-03
6.000000e-02 9.000000e-01 5.054055e-03
6.000000e-02 9.200000e-01 4.133402e-03
6.000000e-02 9.400000e-01 3.167653e-03
6.000000e-02 9.600000e-01 2.156871e-03
6.000000e-02 9.800000e-01 1.100981e-03

8.000000e-02 2.000000e-02 1.436650e-03
8.000000e-02 4.000000e-02 2.814427e-03
8.000000e-02 6.000000e-02 4.133402e-03
8.000000e-02 8.000000e-02 5.393521e-03
8.000000e-02 1.000000e-01 6.594913e-03
8.000000e-02 1.200000e-01 7.737464e-03
8.000000e-02 1.400000e-01 8.821363e-03
8.000000e-02 1.600000e-01 9.846435e-03
8.000000e-02 1.800000e-01 1.081292e-02
8.000000e-02 2.000000e-01 1.172060e-02
8.000000e-02 2.200000e-01 1.256976e-02
8.000000e-02 2.400000e-01 1.336012e-02
8.000000e-02 2.600000e-01 1.409202e-02
8.000000e-02 2.800000e-01 1.476514e-02
8.000000e-02 3.000000e-01 1.537985e-02
8.000000e-02 3.200000e-01 1.593578e-02
8.000000e-02 3.400000e-01 1.643336e-02
8.000000e-02 3.600000e-01 1.687216e-02
8.000000e-02 3.800000e-01 1.725264e-02
8.000000e-02 4.000000e-01 1.757436e-02
8.000000e-02 4.200000e-01 1.783779e-02
8.000000e-02 4.400000e-01 1.804246e-02
8.000000e-02 4.600000e-01 1.818886e-02
8.000000e-02 4.800000e-01 1.827650e-02
8.000000e-02 5.000000e-01 1.830587e-02
8.000000e-02 5.200000e-01 1.827650e-02
8.000000e-02 5.400000e-01 1.818886e-02
8.000000e-02 5.600000e-01 1.804246e-02
8.000000e-02 5.800000e-01 1.783779e-02
8.000000e-02 6.000000e-01 1.757436e-02
8.000000e-02 6.200000e-01 1.725264e-02
8.000000e-02 6.400000e-01 1.687216e-02
8.000000e-02 6.600000e-01 1.643336e-02
8.000000e-02 6.800000e-01 1.593578e-02
8.000000e-02 7.000000e-01 1.537985e-02
8.000000e-02 7.200000e-01 1.476514e-02
8.000000e-02 7.400000e-01 1.409202e-02
8.000000e-02 7.600000e-01 1.336012e-02
8.000000e-02 7.800000e-01 1.256976e-02
8.000000e-02 8.000000e-01 1.172060e-02
8.000000e-02 8.200000e-01 1.081292e-02
8.000000e-02 8.400000e-01 9.846435e-03
8.000000e-02 8.600000e-01 8.821363e-03
8.000000e-02 8.800000e-01 7.737464e-03
8.000000e-02 9.000000e-01 6.594913e-03
8.000000e-02 9.200000e-01 5.393521e-03
8.000000e-02 9.400000e-01 4.133402e-03
8.000000e-02 9.600000e-01 2.814427e-03
8.000000e-02 9.800000e-01 1.436650e-03

1.000000e-01 2.000000e-02 1.756646e-03
1.000000e-01 4.000000e-02 3.441341e-03
1.000000e-01 6.000000e-02 5.054055e-03
1.000000e-01 8.000000e-02 6.594913e-03
1.000000e-01 1.000000e-01 8.063810e-03
1.000000e-01 1.200000e-01 9.460944e-03
1.000000e-01 1.400000e-01 1.078614e-02
1.000000e-01 1.600000e-01 1.203965e-02
1.000000e-01 1.800000e-01 1.322125e-02
1.000000e-01 2.000000e-01 1.433125e-02
1.000000e-01 2.200000e-01 1.536935e-02
1.000000e-01 2.400000e-01 1.633594e-02
1.000000e-01 2.600000e-01 1.723063e-02
1.000000e-01 2.800000e-01 1.805388e-02
1.000000e-01 3.000000e-01 1.880525e-02
1.000000e-01 3.200000e-01 1.948525e-02
1.000000e-01 3.400000e-01 2.009337e-02
1.000000e-01 3.600000e-01 2.063017e-02
1.000000e-01 3.800000e-01 2.109511e-02
1.000000e-01 4.000000e-01 2.148876e-02
1.000000e-01 4.200000e-01 2.181057e-02
1.000000e-01 4.400000e-01 2.206111e-02
1.000000e-01 4.600000e-01 2.223981e-02
1.000000e-01 4.800000e-01 2.234727e-02
1.000000e-01 5.000000e-01 2.238289e-02
1.000000e-01 5.200000e-01 2.234727e-02
1.000000e-01 5.400000e-01 2.223981e-02
1.000000e-01 5.600000e-01 2.206111e-02
1.000000e-01 5.800000e-01 2.181057e-02
1.000000e-01 6.000000e-01 2.148876e-02
1.000000e-01 6.200000e-01 2.109511e-02
1.000000e-01 6.400000e-01 2.063017e-02
1.000000e-01 6.600000e-01 2.009337e-02
1.000000e-01 6.800000e-01 1.948525e-02
1.000000e-01 7.000000e-01 1.880525e-02
1.000000e-01 7.200000e-01 1.805388e-02
1.000000e-01 7.400000e-01 1.723063e-02
1.000000e-01 7.600000e-01 1.633594e-02
1.000000e-01 7.800000e-01 1.536935e-02
1.000000e-01 8.000000e-01 1.433125e-02
1.000000e-01 8.200000e-01 1.322125e-02
1.000000e-01 8.400000e-01 1.203965e-02
1.000000e-01 8.600000e-01 1.078614e-02
1.000000e-01 8.800000e-01 9.460944e-03
1.000000e-01 9.000000e-01 8.063810e-03
1.000000e-01 9.200000e-01 6.594913e-03
1.000000e-01 9.400000e-01 5.054055e-03
1.000000e-01 9.600000e-01 3.441341e-03
1.000000e-01 9.800000e-01 1.756646e-03

1.200000e-01 2.000000e-02 2.061011e-03
1.200000e-01 4.000000e-02 4.037554e-03
1.200000e-01 6.000000e-02 5.929732e-03
1.200000e-01 8.000000e-02 7.737464e-03
1.200000e-01 1.000000e-01 9.460944e-03
1.200000e-01 1.200000e-01 1.110000e-02
1.200000e-01 1.400000e-01 1.265492e-02
1.200000e-01 1.600000e-01 1.412543e-02
1.200000e-01 1.800000e-01 1.551190e-02
1.200000e-01 2.000000e-01 1.681400e-02
1.200000e-01 2.200000e-01 1.803215e-02
1.200000e-01 2.400000e-01 1.916594e-02
1.200000e-01 2.600000e-01 2.021587e-02
1.200000e-01 2.800000e-01 2.118146e-02
1.200000e-01 3.000000e-01 2.206328e-02
1.200000e-01 3.200000e-01 2.286076e-02
1.200000e-01 3.400000e-01 2.357454e-02
1.200000e-01 3.600000e-01 2.420400e-02
1.200000e-01 3.800000e-01 2.474981e-02
1.200000e-01 4.000000e-01 2.521131e-02
1.200000e-01 4.200000e-01 2.558921e-02
1.200000e-01 4.400000e-01 2.588280e-02
1.200000e-01 4.600000e-01 2.609281e-02
1.200000e-01 4.800000e-01 2.621852e-02
1.200000e-01 5.000000e-01 2.626067e-02
1.200000e-01 5.200000e-01 2.621852e-02
1.200000e-01 5.400000e-01 2.609281e-02
1.200000e-01 5.600000e-01 2.588280e-02
1.200000e-01 5.800000e-01 2.558921e-02
1.200000e-01 6.000000e-01 2.521131e-02
1.200000e-01 6.200000e-01 2.474981e-02
1.200000e-01 6.400000e-01 2.420400e-02
1.200000e-01 6.600000e-01 2.357454e-02
1.200000e-01 6.800000e-01 2.286076e-02
1.200000e-01 7.000000e-01 2.206328e-02
1.200000e-01 7.200000e-01 2.118146e-02
1.200000e-01 7.400000e-01 2.021587e-02
1.200000e-01 7.600000e-01 1.916594e-02
1.200000e-01 7.800000e-01 1.803215e-02
1.200000e-01 8.000000e-01 1.681400e-02
1.200000e-01 8.200000e-01 1.551190e-02
1.200000e-01 8.400000e-01 1.412543e-02
1.200000e-01 8.600000e-01 1.265492e-02
1.200000e-01 8.800000e-01 1.110000e-02
1.200000e-01 9.000000e-01 9.460944e-03
1.200000e-01 9.200000e-01 7.737464e-03
1.200000e-01 9.400000e-01 5.929732e-03
1.200000e-01 9.600000e-01 4.037554e-03
1.200000e-01 9.800000e-01 2.061011e-03

1.400000e-01 2.000000e-02 2.349708e-03
1.400000e-01 4.000000e-02 4.603162e-03
1.400000e-01 6.000000e-02 6.760323e-03
1.400000e-01 8.000000e-02 8.821363e-03
1.400000e-01 1.000000e-01 1.078614e-02
1.400000e-01 1.200000e-01 1.265492e-02
1.400000e-01 1.400000e-01 1.442745e-02
1.400000e-01 1.600000e-01 1.610412e-02
1.400000e-01 1.800000e-01 1.768458e-02
1.400000e-01 2.000000e-01 1.916928e-02
1.400000e-01 2.200000e-01 2.055778e-02
1.400000e-01 2.400000e-01 2.185064e-02
1.400000e-01 2.600000e-01 2.304733e-02
1.400000e-01 2.800000e-01 2.414847e-02
1.400000e-01 3.000000e-01 2.515345e-02
1.400000e-01 3.200000e-01 2.606297e-02
1.400000e-01 3.400000e-01 2.687635e-02
1.400000e-01 3.600000e-01 2.759434e-02
1.400000e-01 3.800000e-01 2.821621e-02
1.400000e-01 4.000000e-01 2.874273e-02
1.400000e-01 4.200000e-01 2.917314e-02
1.400000e-01 4.400000e-01 2.950826e-02
1.400000e-01 4.600000e-01 2.974727e-02
1.400000e-01 4.800000e-01 2.989101e-02
1.400000e-01 5.000000e-01 2.993863e-02
1.400000e-01 5.200000e-01 2.989101e-02
1.400000e-01 5.400000e-01 2.974727e-02
1.400000e-01 5.600000e-01 2.950826e-02
1.400000e-01 5.800000e-01 2.917314e-02
1.400000e-01 6.000000e-01 2.874273e-02
1.400000e-01 6.200000e-01 2.821621e-02
1.400000e-01 6.400000e-01 2.759434e-02
1.400000e-01 6.600000e-01 2.687635e-02
1.400000e-01 6.800000e-01 2.606297e-02
1.400000e-01 7.000000e-01 2.515345e-02
1.400000e-01 7.200000e-01 2.414847e-02
1.400000e-01 7.400000e-01 2.304733e-02
1.400000e-01 7.600000e-01 2.185064e-02
1.400000e-01 7.800000e-01 2.055778e-02
1.400000e-01 8.000000e-01 1.916928e-02
1.400000e-01 8.200000e-01 1.768458e-02
1.400000e-01 8.400000e-01 1.610412e-02
1.400000e-01 8.600000e-01 1.442745e-02
1.400000e-01 8.800000e-01 1.265492e-02
1.400000e-01 9.000000e-01 1.078614e-02
1.400000e-01 9.200000e-01 8.821363e-03
1.400000e-01 9.400000e-01 6.760323e-03
1.400000e-01 9.600000e-01 4.603162e-03
1.400000e-01 9.800000e-01 2.349708e-03

1.600000e-01 2.000000e-02 2.622791e-03
1.600000e-01 4.000000e-02 5.138077e-03
1.600000e-01 6.000000e-02 7.545993e-03
1.600000e-01 8.000000e-02 9.846435e-03
1.600000e-01 1.000000e-01 1.203965e-02
1.600000e-01 1.200000e-01 1.412543e-02
1.600000e-01 1.400000e-01 1.610412e-02
1.600000e-01 1.600000e-01 1.797540e-02
1.600000e-01 1.800000e-01 1.973974e-02
1.600000e-01 2.000000e-01 2.139668e-02
1.600000e-01 2.200000e-01 2.294681e-02
1.600000e-01 2.400000e-01 2.438958e-02
1.600000e-01 2.600000e-01 2.572564e-02
1.600000e-01 2.800000e-01 2.695436e-02
1.600000e-01 3.000000e-01 2.807648e-02
1.600000e-01 3.200000e-01 2.909128e-02
1.600000e-01 3.400000e-01 2.999958e-02
1.600000e-01 3.600000e-01 3.080056e-02
1.600000e-01 3.800000e-01 3.149511e-02
1.600000e-01 4.000000e-01 3.208236e-02
1.600000e-01 4.200000e-01 3.256323e-02
1.600000e-01 4.400000e-01 3.293682e-02
1.600000e-01 4.600000e-01 3.320406e-02
1.600000e-01 4.800000e-01 3.336402e-02
1.600000e-01 5.000000e-01 3.341766e-02
1.600000e-01 5.200000e-01 3.336402e-02
1.600000e-01 5.400000e-01 3.320406e-02
1.600000e-01 5.600000e-01 3.293682e-02
1.600000e-01 5.800000e-01 3.256323e-02
1.600000e-01 6.000000e-01 3.208236e-02
1.600000e-01 6.200000e-01 3.149511e-02
1.600000e-01 6.400000e-01 3.080056e-02
1.600000e-01 6.600000e-01 2.999958e-02
1.600000e-01 6.800000e-01 2.909128e-02
1.600000e-01 7.000000e-01 2.807648e-02
1.600000e-01 7.200000e-01 2.695436e-02
1.600000e-01 7.400000e-01 2.572564e-02
1.600000e-01 7.600000e-01 2.438958e-02
1.600000e-01 7.800000e-01 2.294681e-02
1.600000e-01 8.000000e-01 2.139668e-02
1.600000e-01 8.200000e-01 1.973974e-02
1.600000e-01 8.400000e-01 1.797540e-02
1.600000e-01 8.600000e-01 1.610412e-02
1.600000e-01 8.800000e-01 1.412543e-02
1.600000e-01 9.000000e-01 1.203965e-02
1.600000e-01 9.200000e-01 9.846435e-03
1.600000e-01 9.400000e-01 7.545993e-03
1.600000e-01 9.600000e-01 5.138077e-03
1.600000e-01 9.800000e-01 2.622791e-03

1.800000e-01 2.000000e-02 2.880209e-03
1.800000e-01 4.000000e-02 5.642422e-03
1.800000e-01 6.000000e-02 8.286588e-03
1.800000e-01 8.000000e-02 1.081292e-02
1.800000e-01 1.000000e-01 1.322125e-02
1.800000e-01 1.200000e-01 1.551190e-02
1.800000e-01 1.400000e-01 1.768458e-02
1.800000e-01 1.600000e-01 1.973974e-02
1.800000e-01 1.800000e-01 2.167695e-02
1.800000e-01 2.000000e-01 2.349679e-02
1.800000e-01 2.200000e-01 2.519872e-02
1.800000e-01 2.400000e-01 2.678341e-02
1.800000e-01 2.600000e-01 2.825021e-02
1.800000e-01 2.800000e-01 2.959990e-02
1.800000e-01 3.000000e-01 3.083171e-02
1.800000e-01 3.200000e-01 3.194653e-02
1.800000e-01 3.400000e-01 3.294349e-02
1.800000e-01 3.600000e-01 3.382354e-02
1.800000e-01 3.800000e-01 3.458575e-02
1.800000e-01 4.000000e-01 3.523112e-02
1.800000e-01 4.200000e-01 3.575867e-02
1.800000e-01 4.400000e-01 3.616943e-02
1.800000e-01 4.600000e-01 3.646237e-02
1.800000e-01 4.800000e-01 3.663856e-02
1.800000e-01 5.000000e-01 3.669693e-02
1.800000e-01 5.200000e-01 3.663856e-02
1.800000e-01 5.400000e-01 3.646237e-02
1.800000e-01 5.600000e-01 3.616943e-02
1.800000e-01 5.800000e-01 3.575867e-02
1.800000e-01 6.000000e-01 3.523112e-02
1.800000e-01 6.200000e-01 3.458575e-02
1.800000e-01 6.400000e-01 3.382354e-02
1.800000e-01 6.600000e-01 3.294349e-02
1.800000e-01 6.800000e-01 3.194653e-02
1.800000e-01 7.000000e-01 3.083171e-02
1.800000e-01 7.200000e-01 2.959990e-02
1.800000e-01 7.400000e-01 2.825021e-02
1.800000e-01 7.600000e-01 2.678341e-02
1.800000e-01 7.800000e-01 2.519872e-02
1.800000e-01 8.000000e-01 2.349679e-02
1.800000e-01 8.200000e-01 2.167695e-02
1.800000e-01 8.400000e-01 1.973974e-02
1.800000e-01 8.600000e-01 1.768458e-02
1.800000e-01 8.800000e-01 1.551190e-02
1.800000e-01 9.000000e-01 1.322125e-02
1.800000e-01 9.200000e-01 1.081292e-02
1.800000e-01 9.400000e-01 8.286588e-03
1.800000e-01 9.600000e-01 5.642422e-03
1.800000e-01 9.800000e-01 2.880209e-03

2.000000e-01 2.000000e-02 3.122031e-03
2.000000e-01 4.000000e-02 6.116080e-03
2.000000e-01 6.000000e-02 8.982313e-03
2.000000e-01 8.000000e-02 1.172060e-02
2.000000e-01 1.000000e-01 1.433125e-02
2.000000e-01 1.200000e-01 1.681400e-02
2.000000e-01 1.400000e-01 1.916928e-02
2.000000e-01 1.600000e-01 2.139668e-02
2.000000e-01 1.800000e-01 2.349679e-02
2.000000e-01 2.000000e-01 2.546906e-02
2.000000e-01 2.200000e-01 2.731419e-02
2.000000e-01 2.400000e-01 2.903151e-02
2.000000e-01 2.600000e-01 3.062183e-02
2.000000e-01 2.800000e-01 3.208436e-02
2.000000e-01 3.000000e-01 3.342002e-02
2.000000e-01 3.200000e-01 3.462791e-02
2.000000e-01 3.400000e-01 3.570905e-02
2.000000e-01 3.600000e-01 3.666244e-02
2.000000e-01 3.800000e-01 3.748915e-02
2.000000e-01 4.000000e-01 3.818814e-02
2.000000e-01 4.200000e-01 3.876052e-02
2.000000e-01 4.400000e-01 3.920518e-02
2.000000e-01 4.600000e-01 3.952328e-02
2.000000e-01 4.800000e-01 3.971368e-02
2.000000e-01 5.000000e-01 3.977753e-02
2.000000e-01 5.200000e-01 3.971368e-02
2.000000e-01 5.400000e-01 3.952328e-02
2.000000e-01 5.600000e-01 3.920518e-02
2.000000e-01 5.800000e-01 3.876052e-02
2.000000e-01 6.000000e-01 3.818814e-02
2.000000e-01 6.200000e-01 3.748915e-02
2.000000e-01 6.400000e-01 3.666244e-02
2.000000e-01 6.600000e-01 3.570905e-02
2.000000e-01 6.800000e-01 3.462791e-02
2.000000e-01 7.000000e-01 3.342002e-02
2.000000e-01 7.200000e-01 3.208436e-02
2.000000e-01 7.400000e-01 3.062183e-02
2.000000e-01 7.600000e-01 2.903151e-02
2.000000e-01 7.800000e-01 2.731419e-02
2.000000e-01 8.000000e-01 2.546906e-02
2.000000e-01 8.200000e-01 2.349679e-02
2.000000e-01 8.400000e-01 2.139668e-02
2.000000e-01 8.600000e-01 1.916928e-02
2.000000e-01 8.800000e-01 1.681400e-02
2.000000e-01 9.000000e-01 1.433125e-02
2.000000e-01 9.200000e-01 1.172060e-02
2.000000e-01 9.400000e-01 8.982313e-03
2.000000e-01 9.600000e-01 6.116080e-03
2.000000e-01 9.800000e-01 3.122031e-03

2.200000e-01 2.000000e-02 3.348191e-03
2.200000e-01 4.000000e-02 6.559202e-03
2.200000e-01 6.000000e-02 9.632973e-03
2.200000e-01 8.000000e-02 1.256976e-02
2.200000e-01 1.000000e-01 1.536935e-02
2.200000e-01 1.200000e-01 1.803215e-02
2.200000e-01 1.400000e-01 2.055778e-02
2.200000e-01 1.600000e-01 2.294681e-02
2.200000e-01 1.800000e-01 2.519872e-02
2.200000e-01 2.000000e-01 2.731419e-02
2.200000e-01 2.200000e-01 2.929257e-02
2.200000e-01 2.400000e-01 3.113469e-02
2.200000e-01 2.600000e-01 3.283974e-02
2.200000e-01 2.800000e-01 3.440867e-02
2.200000e-01 3.000000e-01 3.584056e-02
2.200000e-01 3.200000e-01 3.713646e-02
2.200000e-01 3.400000e-01 3.829535e-02
2.200000e-01 3.600000e-01 3.931834e-02
2.200000e-01 3.800000e-01 4.020435e-02
2.200000e-01 4.000000e-01 4.095455e-02
2.200000e-01 4.200000e-01 4.156777e-02
2.200000e-01 4.400000e-01 4.204526e-02
2.200000e-01 4.600000e-01 4.238577e-02
2.200000e-01 4.800000e-01 4.259058e-02
2.200000e-01 5.000000e-01 4.265842e-02
2.200000e-01 5.200000e-01 4.259058e-02
2.200000e-01 5.400000e-01 4.238577e-02
2.200000e-01 5.600000e-01 4.204526e-02
2.200000e-01 5.800000e-01 4.156777e-02
2.200000e-01 6.000000e-01 4.095455e-02
2.200000e-01 6.200000e-01 4.020435e-02
2.200000e-01 6.400000e-01 3.931834e-02
2.200000e-01 6.600000e-01 3.829535e-02
2.200000e-01 6.800000e-01 3.713646e-02
2.200000e-01 7.000000e-01 3.584056e-02
2.200000e-01 7.200000e-01 3.440867e-02
2.200000e-01 7.400000e-01 3.283974e-02
2.200000e-01 7.600000e-01 3.113469e-02
2.200000e-01 7.800000e-01 2.929257e-02
2.200000e-01 8.000000e-01 2.731419e-02
2.200000e-01 8.200000e-01 2.519872e-02
2.200000e-01 8.400000e-01 2.294681e-02
2.200000e-01 8.600000e-01 2.055778e-02
2.200000e-01 8.800000e-01 1.803215e-02
2.200000e-01 9.000000e-01 1.536935e-02
2.200000e-01 9.200000e-01 1.256976e-02
2.200000e-01 9.400000e-01 9.632973e-03
2.200000e-01 9.600000e-01 6.559202e-03
2.200000e-01 9.800000e-01 3.348191e-03

2.400000e-01 2.000000e-02 3.558771e-03
2.400000e-01 4.000000e-02 6.971644e-03
2.400000e-01 6.000000e-02 1.023881e-02
2.400000e-01 8.000000e-02 1.336012e-02
2.400000e-01 1.000000e-01 1.633594e-02
2.400000e-01 1.200000e-01 1.916594e-02
2.400000e-01 1.400000e-01 2.185064e-02
2.400000e-01 1.600000e-01 2.438958e-02
2.400000e-01 1.800000e-01 2.678341e-02
2.400000e-01 2.000000e-01 2.903151e-02
2.400000e-01 2.200000e-01 3.113469e-02
2.400000e-01 2.400000e-01 3.309216e-02
2.400000e-01 2.600000e-01 3.490489e-02
2.400000e-01 2.800000e-01 3.657194e-02
2.400000e-01 3.000000e-01 3.809439e-02
2.400000e-01 3.200000e-01 3.947119e-02
2.400000e-01 3.400000e-01 4.070351e-02
2.400000e-01 3.600000e-01 4.179022e-02
2.400000e-01 3.800000e-01 4.273254e-02
2.400000e-01 4.000000e-01 4.352926e-02
2.400000e-01 4.200000e-01 4.418169e-02
2.400000e-01 4.400000e-01 4.468852e-02
2.400000e-01 4.600000e-01 4.505111e-02
2.400000e-01 4.800000e-01 4.526812e-02
2.400000e-01 5.000000e-01 4.534091e-02
2.400000e-01 5.200000e-01 4.526812e-02
2.400000e-01 5.400000e-01 4.505111e-02
2.400000e-01 5.600000e-01 4.468852e-02
2.400000e-01 5.800000e-01 4.418169e-02
2.400000e-01 6.000000e-01 4.352926e-02
2.400000e-01 6.200000e-01 4.273254e-02
2.400000e-01 6.400000e-01 4.179022e-02
2.400000e-01 6.600000e-01 4.070351e-02
2.400000e-01 6.800000e-01 3.947119e-02
2.400000e-01 7.000000e-01 3.809439e-02
2.400000e-01 7.200000e-01 3.657194e-02
2.400000e-01 7.400000e-01 3.490489e-02
2.400000e-01 7.600000e-01 3.309216e-02
2.400000e-01 7.800000e-01 3.113469e-02
2.400000e-01 8.000000e-01 2.903151e-02
2.400000e-01 8.200000e-01 2.678341e-02
2.400000e-01 8.400000e-01 2.438958e-02
2.400000e-01 8.600000e-01 2.185064e-02
2.400000e-01 8.800000e-01 1.916594e-02
2.400000e-01 9.000000e-01 1.633594e-02
2.400000e-01 9.200000e-01 1.336012e-02
2.400000e-01 9.400000e-01 1.023881e-02
2.400000e-01 9.600000e-01 6.971644e-03
2.400000e-01 9.800000e-01 3.558771e-03

2.600000e-01 2.000000e-02 3.753693e-03
2.600000e-01 4.000000e-02 7.353580e-03
2.600000e-01 6.000000e-02 1.079959e-02
2.600000e-01 8.000000e-02 1.409202e-02
2.600000e-01 1.000000e-01 1.723063e-02
2.600000e-01 1.200000e-01 2.021587e-02
2.600000e-01 1.400000e-01 2.304733e-02
2.600000e-01 1.600000e-01 2.572564e-02
2.600000e-01 1.800000e-01 2.825021e-02
2.600000e-01 2.000000e-01 3.062183e-02
2.600000e-01 2.200000e-01 3.283974e-02
2.600000e-01 2.400000e-01 3.490489e-02
2.600000e-01 2.600000e-01 3.681637e-02
2.600000e-01 2.800000e-01 3.857525e-02
2.600000e-01 3.000000e-01 4.018049e-02
2.600000e-01 3.200000e-01 4.163328e-02
2.600000e-01 3.400000e-01 4.293246e-02
2.600000e-01 3.600000e-01 4.407931e-02
2.600000e-01 3.800000e-01 4.507257e-02
2.600000e-01 4.000000e-01 4.591360e-02
2.600000e-01 4.200000e-01 4.660105e-02
2.600000e-01 4.400000e-01 4.713634e-02
2.600000e-01 4.600000e-01 4.751807e-02
2.600000e-01 4.800000e-01 4.774768e-02
2.600000e-01 5.000000e-01 4.782373e-02
2.600000e-01 5.200000e-01 4.774768e-02
2.600000e-01 5.400000e-01 4.751807e-02
2.600000e-01 5.600000e-01 4.713634e-02
2.600000e-01 5.800000e-01 4.660105e-02
2.600000e-01 6.000000e-01 4.591360e-02
2.600000e-01 6.200000e-01 4.507257e-02
2.600000e-01 6.400000e-01 4.407931e-02
2.600000e-01 6.600000e-01 4.293246e-02
2.600000e-01 6.800000e-01 4.163328e-02
2.600000e-01 7.000000e-01 4.018049e-02
2.600000e-01 7.200000e-01 3.857525e-02
2.600000e-01 7.400000e-01 3.681637e-02
2.600000e-01 7.600000e-01 3.490489e-02
2.600000e-01 7.800000e-01 3.283974e-02
2.600000e-01 8.000000e-01 3.062183e-02
2.600000e-01 8.200000e-01 2.825021e-02
2.600000e-01 8.400000e-01 2.572564e-02
2.600000e-01 8.600000e-01 2.304733e-02
2.600000e-01 8.800000e-01 2.021587e-02
2.600000e-01 9.000000e-01 1.723063e-02
2.600000e-01 9.200000e-01 1.409202e-02
2.600000e-01 9.400000e-01 1.079959e-02
2.600000e-01 9.600000e-01 7.353580e-03
2.600000e-01 9.800000e-01 3.753693e-03

2.800000e-01 2.000000e-02 3.933048e-03
2.800000e-01 4.000000e-02 7.704841e-03
2.800000e-01 6.000000e-02 1.131559e-02
2.800000e-01 8.000000e-02 1.476514e-02
2.800000e-01 1.000000e-01 1.805388e-02
2.800000e-01 1.200000e-01 2.118146e-02
2.800000e-01 1.400000e-01 2.414847e-02
2.800000e-01 1.600000e-01 2.695436e-02
2.800000e-01 1.800000e-01 2.959990e-02
2.800000e-01 2.000000e-01 3.208436e-02
2.800000e-01 2.200000e-01 3.440867e-02
2.800000e-01 2.400000e-01 3.657194e-02
2.800000e-01 2.600000e-01 3.857525e-02
2.800000e-01 2.800000e-01 4.041756e-02
2.800000e-01 3.000000e-01 4.210007e-02
2.800000e-01 3.200000e-01 4.362160e-02
2.800000e-01 3.400000e-01 4.498348e-02
2.800000e-01 3.600000e-01 4.618442e-02
2.800000e-01 3.800000e-01 4.722581e-02
2.800000e-01 4.000000e-01 4.810628e-02
2.800000e-01 4.200000e-01 4.882729e-02
2.800000e-01 4.400000e-01 4.938740e-02
2.800000e-01 4.600000e-01 4.978811e-02
2.800000e-01 4.800000e-01 5.002792e-02
2.800000e-01 5.000000e-01 5.010837e-02
2.800000e-01 5.200000e-01 5.002792e-02
2.800000e-01 5.400000e-01 4.978811e-02
2.800000e-01 5.600000e-01 4.938740e-02
2.800000e-01 5.800000e-01 4.882729e-02
2.800000e-01 6.000000e-01 4.810628e-02
2.800000e-01 6.200000e-01 4.722581e-02
2.800000e-01 6.400000e-01 4.618442e-02
2.800000e-01 6.600000e-01 4.498348e-02
2.800000e-01 6.800000e-01 4.362160e-02
2.800000e-01 7.000000e-01 4.210007e-02
2.800000e-01 7.200000e-01 4.041756e-02
2.800000e-01 7.400000e-01 3.857525e-02
2.800000e-01 7.600000e-01 3.657194e-02
2.800000e-01 7.800000e-01 3.440867e-02
2.800000e-01 8.000000e-01 3.208436e-02
2.800000e-01 8.200000e-01 2.959990e-02
2.800000e-01 8.400000e-01 2.695436e-02
2.800000e-01 8.600000e-01 2.414847e-02
2.800000e-01 8.800000e-01 2.118146e-02
2.800000e-01 9.000000e-01 1.805388e-02
2.800000e-01 9.200000e-01 1.476514e-02
2.800000e-01 9.400000e-01 1.131559e-02
2.800000e-01 9.600000e-01 7.704841e-03
2.800000e-01 9.800000e-01 3.933048e-03

3.000000e-01 2.000000e-02 4.096748e-03
3.000000e-01 4.000000e-02 8.025622e-03
3.000000e-01 6.000000e-02 1.178655e-02
3.000000e-01 8.000000e-02 1.537985e-02
3.000000e-01 1.000000e-01 1.880525e-02
3.000000e-01 1.200000e-01 2.206328e-02
3.000000e-01 1.400000e-01 2.515345e-02
3.000000e-01 1.600000e-01 2.807648e-02
3.000000e-01 1.800000e-01 3.083171e-02
3.000000e-01 2.000000e-01 3.342002e-02
3.000000e-01 2.200000e-01 3.584056e-02
3.000000e-01 2.400000e-01 3.809439e-02
3.000000e-01 2.600000e-01 4.018049e-02
3.000000e-01 2.800000e-01 4.210007e-02
3.000000e-01 3.000000e-01 4.385195e-02
3.000000e-01 3.200000e-01 4.543746e-02
3.000000e-01 3.400000e-01 4.685532e-02
3.000000e-01 3.600000e-01 4.810694e-02
3.000000e-01 3.800000e-01 4.919092e-02
3.000000e-01 4.000000e-01 5.010878e-02
3.000000e-01 4.200000e-01 5.085903e-02
3.000000e-01 4.400000e-01 5.144322e-02
3.000000e-01 4.600000e-01 5.185981e-02
3.000000e-01 4.800000e-01 5.211040e-02
3.000000e-01 5.000000e-01 5.219339e-02
3.000000e-01 5.200000e-01 5.211040e-02
3.000000e-01 5.400000e-01 5.185981e-02
3.000000e-01 5.600000e-01 5.144322e-02
3.000000e-01 5.800000e-01 5.085903e-02
3.000000e-01 6.000000e-01 5.010878e-02
3.000000e-01 6.200000e-01 4.919092e-02
3.000000e-01 6.400000e-01 4.810694e-02
3.000000e-01 6.600000e-01 4.685532e-02
3.000000e-01 6.800000e-01 4.543746e-02
3.000000e-01 7.000000e-01 4.385195e-02
3.000000e-01 7.200000e-01 4.210007e-02
3.000000e-01 7.400000e-01 4.018049e-02
3.000000e-01 7.600000e-01 3.809439e-02
3.000000e-01 7.800000e-01 3.584056e-02
3.000000e-01 8.000000e-01 3.342002e-02
3.000000e-01 8.200000e-01 3.083171e-02
3.000000e-01 8.400000e-01 2.807648e-02
3.000000e-01 8.600000e-01 2.515345e-02
3.000000e-01 8.800000e-01 2.206328e-02
3.000000e-01 9.000000e-01 1.880525e-02
3.000000e-01 9.200000e-01 1.537985e-02
3.000000e-01 9.400000e-01 1.178655e-02
3.000000e-01 9.600000e-01 8.025622e-03
3.000000e-01 9.800000e-01 4.096748e-03

3.200000e-01 2.000000e-02 4.244894e-03
3.200000e-01 4.000000e-02 8.315735e-03
3.200000e-01 6.000000e-02 1.221276e-02
3.200000e-01 8.000000e-02 1.593578e-02
3.200000e-01 1.000000e-01 1.948525e-02
3.200000e-01 1.200000e-01 2.286076e-02
3.200000e-01 1.400000e-01 2.606297e-02
3.200000e-01 1.600000e-01 2.909128e-02
3.200000e-01 1.800000e-01 3.194653e-02
3.200000e-01 2.000000e-01 3.462791e-02
3.200000e-01 2.200000e-01 3.713646e-02
3.200000e-01 2.400000e-01 3.947119e-02
3.200000e-01 2.600000e-01 4.163328e-02
3.200000e-01 2.800000e-01 4.362160e-02
3.200000e-01 3.000000e-01 4.543746e-02
3.200000e-01 3.200000e-01 4.707958e-02
3.200000e-01 3.400000e-01 4.854940e-02
3.200000e-01 3.600000e-01 4.984550e-02
3.200000e-01 3.800000e-01 5.096943e-02
3.200000e-01 4.000000e-01 5.191967e-02
3.200000e-01 4.200000e-01 5.269783e-02
3.200000e-01 4.400000e-01 5.330232e-02
3.200000e-01 4.600000e-01 5.373479e-02
3.200000e-01 4.800000e-01 5.399360e-02
3.200000e-01 5.000000e-01 5.408043e-02
3.200000e-01 5.200000e-01 5.399360e-02
3.200000e-01 5.400000e-01 5.373479e-02
3.200000e-01 5.600000e-01 5.330232e-02
3.200000e-01 5.800000e-01 5.269783e-02
3.200000e-01 6.000000e-01 5.191967e-02
3.200000e-01 6.200000e-01 5.096943e-02
3.200000e-01 6.400000e-01 4.984550e-02
3.200000e-01 6.600000e-01 4.854940e-02
3.200000e-01 6.800000e-01 4.707958e-02
3.200000e-01 7.000000e-01 4.543746e-02
3.200000e-01 7.200000e-01 4.362160e-02
3.200000e-01 7.400000e-01 4.163328e-02
3.200000e-01 7.600000e-01 3.947119e-02
3.200000e-01 7.800000e-01 3.713646e-02
3.200000e-01 8.000000e-01 3.462791e-02
3.200000e-01 8.200000e-01 3.194653e-02
3.200000e-01 8.400000e-01 2.909128e-02
3.200000e-01 8.600000e-01 2.606297e-02
3.200000e-01 8.800000e-01 2.286076e-02
3.200000e-01 9.000000e-01 1.948525e-02
3.200000e-01 9.200000e-01 1.593578e-02
3.200000e-01 9.400000e-01 1.221276e-02
3.200000e-01 9.600000e-01 8.315735e-03
3.200000e-01 9.800000e-01 4.244894e-03

3.400000e-01 2.000000e-02 4.377387e-03
3.400000e-01 4.000000e-02 8.575390e-03
3.400000e-01 6.000000e-02 1.259393e-02
3.400000e-01 8.000000e-02 1.643336e-02
3.400000e-01 1.000000e-01 2.009337e-02
3.400000e-01 1.200000e-01 2.357454e-02
3.400000e-01 1.400000e-01 2.687635e-02
3.400000e-01 1.600000e-01 2.999958e-02
3.400000e-01 1.800000e-01 3.294349e-02
3.400000e-01 2.000000e-01 3.570905e-02
3.400000e-01 2.200000e-01 3.829535e-02
3.400000e-01 2.400000e-01 4.070351e-02
3.400000e-01 2.600000e-01 4.293246e-02
3.400000e-01 2.800000e-01 4.498348e-02
3.400000e-01 3.000000e-01 4.685532e-02
3.400000e-01 3.200000e-01 4.854940e-02
3.400000e-01 3.400000e-01 5.006433e-02
3.400000e-01 3.600000e-01 5.140165e-02
3.400000e-01 3.800000e-01 5.255985e-02
3.400000e-01 4.000000e-01 5.354056e-02
3.400000e-01 4.200000e-01 5.434216e-02
3.400000e-01 4.400000e-01 5.496636e-02
3.400000e-01 4.600000e-01 5.541147e-02
3.400000e-01 4.800000e-01 5.567922e-02
3.400000e-01 5.000000e-01 5.576789e-02
3.400000e-01 5.200000e-01 5.567922e-02
3.400000e-01 5.400000e-01 5.541147e-02
3.400000e-01 5.600000e-01 5.496636e-02
3.400000e-01 5.800000e-01 5.434216e-02
3.400000e-01 6.000000e-01 5.354056e-02
3.400000e-01 6.200000e-01 5.255985e-02
3.400000e-01 6.400000e-01 5.140165e-02
3.400000e-01 6.600000e-01 5.006433e-02
3.400000e-01 6.800000e-01 4.854940e-02
3.400000e-01 7.000000e-01 4.685532e-02
3.400000e-01 7.200000e-01 4.498348e-02
3.400000e-01 7.400000e-01 4.293246e-02
3.400000e-01 7.600000e-01 4.070351e-02
3.400000e-01 7.800000e-01 3.829535e-02
3.400000e-01 8.000000e-01 3.570905e-02
3.400000e-01 8.200000e-01 3.294349e-02
3.400000e-01 8.400000e-01 2.999958e-02
3.400000e-01 8.600000e-01 2.687635e-02
3.400000e-01 8.800000e-01 2.357454e-02
3.400000e-01 9.000000e-01 2.009337e-02
3.400000e-01 9.200000e-01 1.643336e-02
3.400000e-01 9.400000e-01 1.259393e-02
3.400000e-01 9.600000e-01 8.575390e-03
3.400000e-01 9.800000e-01 4.377387e-03

3.600000e-01 2.000000e-02 4.494336e-03
3.600000e-01 4.000000e-02 8.804381e-03
3.600000e-01 6.000000e-02 1.293039e-02
3.600000e-01 8.000000e-02 1.687216e-02
3.600000e-01 1.000000e-01 2.063017e-02
3.600000e-01 1.200000e-01 2.420400e-02
3.600000e-01 1.400000e-01 2.759434e-02
3.600000e-01 1.600000e-01 3.080056e-02
3.600000e-01 1.800000e-01 3.382354e-02
3.600000e-01 2.000000e-01 3.666244e-02
3.600000e-01 2.200000e-01 3.931834e-02
3.600000e-01 2.400000e-01 4.179022e-02
3.600000e-01 2.600000e-01 4.407931e-02
3.600000e-01 2.800000e-01 4.618442e-02
3.600000e-01 3.000000e-01 4.810694e-02
3.600000e-01 3.200000e-01 4.984550e-02
3.600000e-01 3.400000e-01 5.140165e-02
3.600000e-01 3.600000e-01 5.277388e-02
3.600000e-01 3.800000e-01 5.396382e-02
3.600000e-01 4.000000e-01 5.496987e-02
3.600000e-01 4.200000e-01 5.579373e-02
3.600000e-01 4.400000e-01 5.643372e-02
3.600000e-01 4.600000e-01 5.689159e-02
3.600000e-01 4.800000e-01 5.716560e-02
3.600000e-01 5.000000e-01 5.725753e-02
3.600000e-01 5.200000e-01 5.716560e-02
3.600000e-01 5.400000e-01 5.689159e-02
3.600000e-01 5.600000e-01 5.643372e-02
3.600000e-01 5.800000e-01 5.579373e-02
3.600000e-01 6.000000e-01 5.496987e-02
3.600000e-01 6.200000e-01 5.396382e-02
3.600000e-01 6.400000e-01 5.277388e-02
3.600000e-01 6.600000e-01 5.140165e-02
3.600000e-01 6.800000e-01 4.984550e-02
3.600000e-01 7.000000e-01 4.810694e-02
3.600000e-01 7.200000e-01 4.618442e-02
3.600000e-01 7.400000e-01 4.407931e-02
3.600000e-01 7.600000e-01 4.179022e-02
3.600000e-01 7.800000e-01 3.931834e-02
3.600000e-01 8.000000e-01 3.666244e-02
3.600000e-01 8.200000e-01 3.382354e-02
3.600000e-01 8.400000e-01 3.080056e-02
3.600000e-01 8.600000e-01 2.759434e-02
3.600000e-01 8.800000e-01 2.420400e-02
3.600000e-01 9.000000e-01 2.063017e-02
3.600000e-01 9.200000e-01 1.687216e-02
3.600000e-01 9.400000e-01 1.293039e-02
3.600000e-01 9.600000e-01 8.804381e-03
3.600000e-01 9.800000e-01 4.494336e-03

3.800000e-01 2.000000e-02 4.595634e-03
3.800000e-01 4.000000e-02 9.002934e-03
3.800000e-01 6.000000e-02 1.322181e-02
3.800000e-01 8.000000e-02 1.725264e-02
3.800000e-01 1.000000e-01 2.109511e-02
3.800000e-01 1.200000e-01 2.474981e-02
3.800000e-01 1.400000e-01 2.821621e-02
3.800000e-01 1.600000e-01 3.149511e-02
3.800000e-01 1.800000e-01 3.458575e-02
3.800000e-01 2.000000e-01 3.748915e-02
3.800000e-01 2.200000e-01 4.020435e-02
3.800000e-01 2.400000e-01 4.273254e-02
3.800000e-01 2.600000e-01 4.507257e-02
3.800000e-01 2.800000e-01 4.722581e-02
3.800000e-01 3.000000e-01 4.919092e-02
3.800000e-01 3.200000e-01 5.096943e-02
3.800000e-01 3.400000e-01 5.255985e-02
3.800000e-01 3.600000e-01 5.396382e-02
3.800000e-01 3.800000e-01 5.517973e-02
3.800000e-01 4.000000e-01 5.620931e-02
3.800000e-01 4.200000e-01 5.705086e-02
3.800000e-01 4.400000e-01 5.770616e-02
3.800000e-01 4.600000e-01 5.817344e-02
3.800000e-01 4.800000e-01 5.845454e-02
3.800000e-01 5.000000e-01 5.854763e-02
3.800000e-01 5.200000e-01 5.845454e-02
3.800000e-01 5.400000e-01 5.817344e-02
3.800000e-01 5.600000e-01 5.770616e-02
3.800000e-01 5.800000e-01 5.705086e-02
3.800000e-01 6.000000e-01 5.620931e-02
3.800000e-01 6.200000e-01 5.517973e-02
3.800000e-01 6.400000e-01 5.396382e-02
3.800000e-01 6.600000e-01 5.255985e-02
3.800000e-01 6.800000e-01 5.096943e-02
3.800000e-01 7.000000e-01 4.919092e-02
3.800000e-01 7.200000e-01 4.722581e-02
3.800000e-01 7.400000e-01 4.507257e-02
3.800000e-01 7.600000e-01 4.273254e-02
3.800000e-01 7.800000e-01 4.020435e-02
3.800000e-01 8.000000e-01 3.748915e-02
3.800000e-01 8.200000e-01 3.458575e-02
3.800000e-01 8.400000e-01 3.149511e-02
3.800000e-01 8.600000e-01 2.821621e-02
3.800000e-01 8.800000e-01 2.474981e-02
3.800000e-01 9.000000e-01 2.109511e-02
3.800000e-01 9.200000e-01 1.725264e-02
3.800000e-01 9.400000e-01 1.322181e-02
3.800000e-01 9.600000e-01 9.002934e-03
3.800000e-01 9.800000e-01 4.595634e-03

4.000000e-01 2.000000e-02 4.681398e-03
4.000000e-01 4.000000e-02 9.170825e-03
4.000000e-01 6.000000e-02 1.346855e-02
4.000000e-01 8.000000e-02 1.757436e-02
4.000000e-01 1.000000e-01 2.148876e-02
4.000000e-01 1.200000e-01 2.521131e-02
4.000000e-01 1.400000e-01 2.874273e-02
4.000000e-01 1.600000e-01 3.208236e-02
4.000000e-01 1.800000e-01 3.523112e-02
4.000000e-01 2.000000e-01 3.818814e-02
4.000000e-01 2.200000e-01 4.095455e-02
4.000000e-01 2.400000e-01 4.352926e-02
4.000000e-01 2.600000e-01 4.591360e-02
4.000000e-01 2.800000e-01 4.810628e-02
4.000000e-01 3.000000e-01 5.010878e-02
4.000000e-01 3.200000e-01 5.191967e-02
4.000000e-01 3.400000e-01 5.354056e-02
4.000000e-01 3.600000e-01 5.496987e-02
4.000000e-01 3.800000e-01 5.620931e-02
4.000000e-01 4.000000e-01 5.725720e-02
4.000000e-01 4.200000e-01 5.811534e-02
4.000000e-01 4.400000e-01 5.878195e-02
4.000000e-01 4.600000e-01 5.925887e-02
4.000000e-01 4.800000e-01 5.954427e-02
4.000000e-01 5.000000e-01 5.964004e-02
4.000000e-01 5.200000e-01 5.954427e-02
4.000000e-01 5.400000e-01 5.925887e-02
4.000000e-01 5.600000e-01 5.878195e-02
4.000000e-01 5.800000e-01 5.811534e-02
4.000000e-01 6.000000e-01 5.725720e-02
4.000000e-01 6.200000e-01 5.620931e-02
4.000000e-01 6.400000e-01 5.496987e-02
4.000000e-01 6.600000e-01 5.354056e-02
4.000000e-01 6.800000e-01 5.191967e-02
4.000000e-01 7.000000e-01 5.010878e-02
4.000000e-01 7.200000e-01 4.810628e-02
4.000000e-01 7.400000e-01 4.591360e-02
4.000000e-01 7.600000e-01 4.352926e-02
4.000000e-01 7.800000e-01 4.095455e-02
4.000000e-01 8.000000e-01 3.818814e-02
4.000000e-01 8.200000e-01 3.523112e-02
4.000000e-01 8.400000e-01 3.208236e-02
4.000000e-01 8.600000e-01 2.874273e-02
4.000000e-01 8.800000e-01 2.521131e-02
4.000000e-01 9.000000e-01 2.148876e-02
4.000000e-01 9.200000e-01 1.757436e-02
4.000000e-01 9.400000e-01 1.346855e-02
4.000000e-01 9.600000e-01 9.170825e-03
4.000000e-01 9.800000e-01 4.681398e-03

4.200000e-01 2.000000e-02 4.751511e-03
4.200000e-01 4.000000e-02 9.308293e-03
4.200000e-01 6.000000e-02 1.367026e-02
4.200000e-01 8.000000e-02 1.783779e-02
4.200000e-01 1.000000e-01 2.181057e-02
4.200000e-01 1.200000e-01 2.558921e-02
4.200000e-01 1.400000e-01 2.917314e-02
4.200000e-01 1.600000e-01 3.256323e-02
4.200000e-01 1.800000e-01 3.575867e-02
4.200000e-01 2.000000e-01 3.876052e-02
4.200000e-01 2.200000e-01 4.156777e-02
4.200000e-01 2.400000e-01 4.418169e-02
4.200000e-01 2.600000e-01 4.660105e-02
4.200000e-01 2.800000e-01 4.882729e-02
4.200000e-01 3.000000e-01 5.085903e-02
4.200000e-01 3.200000e-01 5.269783e-02
4.200000e-01 3.400000e-01 5.434216e-02
4.200000e-01 3.600000e-01 5.579373e-02
4.200000e-01 3.800000e-01 5.705086e-02
4.200000e-01 4.000000e-01 5.811534e-02
4.200000e-01 4.200000e-01 5.898541e-02
4.200000e-01 4.400000e-01 5.966294e-02
4.200000e-01 4.600000e-01 6.014605e-02
4.200000e-01 4.800000e-01 6.043669e-02
4.200000e-01 5.000000e-01 6.053292e-02
4.200000e-01 5.200000e-01 6.043669e-02
4.200000e-01 5.400000e-01 6.014605e-02
4.200000e-01 5.600000e-01 5.966294e-02
4.200000e-01 5.800000e-01 5.898541e-02
4.200000e-01 6.000000e-01 5.811534e-02
4.200000e-01 6.200000e-01 5.705086e-02
4.200000e-01 6.400000e-01 5.579373e-02
4.200000e-01 6.600000e-01 5.434216e-02
4.200000e-01 6.800000e-01 5.269783e-02
4.200000e-01 7.000000e-01 5.085903e-02
4.200000e-01 7.200000e-01 4.882729e-02
4.200000e-01 7.400000e-01 4.660105e-02
4.200000e-01 7.600000e-01 4.418169e-02
4.200000e-01 7.800000e-01 4.156777e-02
4.200000e-01 8.000000e-01 3.876052e-02
4.200000e-01 8.200000e-01 3.575867e-02
4.200000e-01 8.400000e-01 3.256323e-02
4.200000e-01 8.600000e-01 2.917314e-02
4.200000e-01 8.800000e-01 2.558921e-02
4.200000e-01 9.000000e-01 2.181057e-02
4.200000e-01 9.200000e-01 1.783779e-02
4.200000e-01 9.400000e-01 1.367026e-02
4.200000e-01 9.600000e-01 9.308293e-03
4.200000e-01 9.800000e-01 4.751511e-03

4.400000e-01 2.000000e-02 4.806095e-03
4.400000e-01 4.000000e-02 9.415102e-03
4.400000e-01 6.000000e-02 1.382729e-02
4.400000e-01 8.000000e-02 1.804246e-02
4.400000e-01 1.000000e-01 2.206111e-02
4.400000e-01 1.200000e-01 2.588280e-02
4.400000e-01 1.400000e-01 2.950826e-02
4.400000e-01 1.600000e-01 3.293682e-02
4.400000e-01 1.800000e-01 3.616943e-02
4.400000e-01 2.000000e-01 3.920518e-02
4.400000e-01 2.200000e-01 4.204526e-02
4.400000e-01 2.400000e-01 4.468852e-02
4.400000e-01 2.600000e-01 4.713634e-02
4.400000e-01 2.800000e-01 4.938740e-02
4.400000e-01 3.000000e-01 5.144322e-02
4.400000e-01 3.200000e-01 5.330232e-02
4.400000e-01 3.400000e-01 5.496636e-02
4.400000e-01 3.600000e-01 5.643372e-02
4.400000e-01 3.800000e-01 5.770616e-02
4.400000e-01 4.000000e-01 5.878195e-02
4.400000e-01 4.200000e-01 5.966294e-02
4.400000e-01 4.400000e-01 6.034728e-02
4.400000e-01 4.600000e-01 6.083691e-02
4.400000e-01 4.800000e-01 6.112990e-02
4.400000e-01 5.000000e-01 6.122821e-02
4.400000e-01 5.200000e-01 6.112990e-02
4.400000e-01 5.400000e-01 6.083691e-02
4.400000e-01 5.600000e-01 6.034728e-02
4.400000e-01 5.800000e-01 5.966294e-02
4.400000e-01 6.000000e-01 5.878195e-02
4.400000e-01 6.200000e-01 5.770616e-02
4.400000e-01 6.400000e-01 5.643372e-02
4.400000e-01 6.600000e-01 5.496636e-02
4.400000e-01 6.800000e-01 5.330232e-02
4.400000e-01 7.000000e-01 5.144322e-02
4.400000e-01 7.200000e-01 4.938740e-02
4.400000e-01 7.400000e-01 4.713634e-02
4.400000e-01 7.600000e-01 4.468852e-02
4.400000e-01 7.800000e-01 4.204526e-02
4.400000e-01 8.000000e-01 3.920518e-02
4.400000e-01 8.200000e-01 3.616943e-02
4.400000e-01 8.400000e-01 3.293682e-02
4.400000e-01 8.600000e-01 2.950826e-02
4.400000e-01 8.800000e-01 2.588280e-02
4.400000e-01 9.000000e-01 2.206111e-02
4.400000e-01 9.200000e-01 1.804246e-02
4.400000e-01 9.400000e-01 1.382729e-02
4.400000e-01 9.600000e-01 9.415102e-03
4.400000e-01 9.800000e-01 4.806095e-03

4.600000e-01 2.000000e-02 4.845031e-03
4.600000e-01 4.000000e-02 9.491497e-03
4.600000e-01 6.000000e-02 1.393930e-02
4.600000e-01 8.000000e-02 1.818886e-02
4.600000e-01 1.000000e-01 2.223981e-02
4.600000e-01 1.200000e-01 2.609281e-02
4.600000e-01 1.400000e-01 2.974727e-02
4.600000e-01 1.600000e-01 3.320406e-02
4.600000e-01 1.800000e-01 3.646237e-02
4.600000e-01 2.000000e-01 3.952328e-02
4.600000e-01 2.200000e-01 4.238577e-02
4.600000e-01 2.400000e-01 4.505111e-02
4.600000e-01 2.600000e-01 4.751807e-02
4.600000e-01 2.800000e-01 4.978811e-02
4.600000e-01 3.000000e-01 5.185981e-02
4.600000e-01 3.200000e-01 5.373479e-02
4.600000e-01 3.400000e-01 5.541147e-02
4.600000e-01 3.600000e-01 5.689159e-02
4.600000e-01 3.800000e-01 5.817344e-02
4.600000e-01 4.000000e-01 5.925887e-02
4.600000e-01 4.200000e-01 6.014605e-02
4.600000e-01 4.400000e-01 6.083691e-02
4.600000e-01 4.600000e-01 6.132953e-02
4.600000e-01 4.800000e-01 6.162588e-02
4.600000e-01 5.000000e-01 6.172400e-02
4.600000e-01 5.200000e-01 6.162588e-02
4.600000e-01 5.400000e-01 6.132953e-02
4.600000e-01 5.600000e-01 6.083691e-02
4.600000e-01 5.800000e-01 6.014605e-02
4.600000e-01 6.000000e-01 5.925887e-02
4.600000e-01 6.200000e-01 5.817344e-02
4.600000e-01 6.400000e-01 5.689159e-02
4.600000e-01 6.600000e-01 5.541147e-02
4.600000e-01 6.800000e-01 5.373479e-02
4.600000e-01 7.000000e-01 5.185981e-02
4.600000e-01 7.200000e-01 4.978811e-02
4.600000e-01 7.400000e-01 4.751807e-02
4.600000e-01 7.600000e-01 4.505111e-02
4.600000e-01 7.800000e-01 4.238577e-02
4.600000e-01 8.000000e-01 3.952328e-02
4.600000e-01 8.200000e-01 3.646237e-02
4.600000e-01 8.400000e-01 3.320406e-02
4.600000e-01 8.600000e-01 2.974727e-02
4.600000e-01 8.800000e-01 2.609281e-02
4.600000e-01 9.000000e-01 2.223981e-02
4.600000e-01 9.200000e-01 1.818886e-02
4.600000e-01 9.400000e-01 1.393930e-02
4.600000e-01 9.600000e-01 9.491497e-03
4.600000e-01 9.800000e-01 4.845031e-03

4.800000e-01 2.000000e-02 4.868441e-03
4.800000e-01 4.000000e-02 9.537234e-03
4.800000e-01 6.000000e-02 1.400666e-02
4.800000e-01 8.000000e-02 1.827650e-02
4.800000e-01 1.000000e-01 2.234727e-02
4.800000e-01 1.200000e-01 2.621852e-02
4.800000e-01 1.400000e-01 2.989101e-02
4.800000e-01 1.600000e-01 3.336402e-02
4.800000e-01 1.800000e-01 3.663856e-02
4.800000e-01 2.000000e-01 3.971368e-02
4.800000e-01 2.200000e-01 4.259058e-02
4.800000e-01 2.400000e-01 4.526812e-02
4.800000e-01 2.600000e-01 4.774768e-02
4.800000e-01 2.800000e-01 5.002792e-02
4.800000e-01 3.000000e-01 5.211040e-02
4.800000e-01 3.200000e-01 5.399360e-02
4.800000e-01 3.400000e-01 5.567922e-02
4.800000e-01 3.600000e-01 5.716560e-02
4.800000e-01 3.800000e-01 5.845454e-02
4.800000e-01 4.000000e-01 5.954427e-02
4.800000e-01 4.200000e-01 6.043669e-02
4.800000e-01 4.400000e-01 6.112990e-02
4.800000e-01 4.600000e-01 6.162588e-02
4.800000e-01 4.800000e-01 6.192267e-02
4.800000e-01 5.000000e-01 6.202226e-02
4.800000e-01 5.200000e-01 6.192267e-02
4.800000e-01 5.400000e-01 6.162588e-02
4.800000e-01 5.600000e-01 6.112990e-02
4.800000e-01 5.800000e-01 6.043669e-02
4.800000e-01 6.000000e-01 5.954427e-02
4.800000e-01 6.200000e-01 5.845454e-02
4.800000e-01 6.400000e-01 5.716560e-02
4.800000e-01 6.600000e-01 5.567922e-02
4.800000e-01 6.800000e-01 5.399360e-02
4.800000e-01 7.000000e-01 5.211040e-02
4.800000e-01 7.200000e-01 5.002792e-02
4.800000e-01 7.400000e-01 4.774768e-02
4.800000e-01 7.600000e-01 4.526812e-02
4.800000e-01 7.800000e-01 4.259058e-02
4.800000e-01 8.000000e-01 3.971368e-02
4.800000e-01 8.200000e-01 3.663856e-02
4.800000e-01 8.400000e-01 3.336402e-02
4.800000e-01 8.600000e-01 2.989101e-02
4.800000e-01 8.800000e-01 2.621852e-02
4.800000e-01 9.000000e-01 2.234727e-02
4.800000e-01 9.200000e-01 1.827650e-02
4.800000e-01 9.400000e-01 1.400666e-02
4.800000e-01 9.600000e-01 9.537234e-03
4.800000e-01 9.800000e-01 4.868441e-03

5.000000e-01 2.000000e-02 4.876203e-03
5.000000e-01 4.000000e-02 9.552563e-03
5.000000e-01 6.000000e-02 1.402898e-02
5.000000e-01 8.000000e-02 1.830587e-02
5.000000e-01 1.000000e-01 2.238289e-02
5.000000e-01 1.200000e-01 2.626067e-02
5.000000e-01 1.400000e-01 2.993863e-02
5.000000e-01 1.600000e-01 3.341766e-02
5.000000e-01 1.800000e-01 3.669693e-02
5.000000e-01 2.000000e-01 3.977753e-02
5.000000e-01 2.200000e-01 4.265842e-02
5.000000e-01 2.400000e-01 4.534091e-02
5.000000e-01 2.600000e-01 4.782373e-02
5.000000e-01 2.800000e-01 5.010837e-02
5.000000e-01 3.000000e-01 5.219339e-02
5.000000e-01 3.200000e-01 5.408043e-02
5.000000e-01 3.400000e-01 5.576789e-02
5.000000e-01 3.600000e-01 5.725753e-02
5.000000e-01 3.800000e-01 5.854763e-02
5.000000e-01 4.000000e-01 5.964004e-02
5.000000e-01 4.200000e-01 6.053292e-02
5.000000e-01 4.400000e-01 6.122821e-02
5.000000e-01 4.600000e-01 6.172400e-02
5.000000e-01 4.800000e-01 6.202226e-02
5.000000e-01 5.000000e-01 6.212101e-02
5.000000e-01 5.200000e-01 6.202226e-02
5.000000e-01 5.400000e-01 6.172400e-02
5.000000e-01 5.600000e-01 6.122821e-02
5.000000e-01 5.800000e-01 6.053292e-02
5.000000e-01 6.000000e-01 5.964004e-02
5.000000e-01 6.200000e-01 5.854763e-02
5.000000e-01 6.400000e-01 5.725753e-02
5.000000e-01 6.600000e-01 5.576789e-02
5.000000e-01 6.800000e-01 5.408043e-02
5.000000e-01 7.000000e-01 5.219339e-02
5.000000e-01 7.200000e-01 5.010837e-02
5.000000e-01 7.400000e-01 4.782373e-02
5.000000e-01 7.600000e-01 4.534091e-02
5.000000e-01 7.800000e-01 4.265842e-02
5.000000e-01 8.000000e-01 3.977753e-02
5.000000e-01 8.200000e-01 3.669693e-02
5.000000e-01 8.400000e-01 3.341766e-02
5.000000e-01 8.600000e-01 2.993863e-02
5.000000e-01 8.800000e-01 2.626067e-02
5.000000e-01 9.000000e-01 2.238289e-02
5.000000e-01 9.200000e-01 1.830587e-02
5.000000e-01 9.400000e-01 1.402898e-02
5.000000e-01 9.600000e-01 9.552563e-03
5.000000e-01 9.800000e-01 4.876203e-03

5.200000e-01 2.000000e-02 4.868441e-03
5.200000e-01 4.000000e-02 9.537234e-03
5.200000e-01 6.000000e-02 1.400666e-02
5.200000e-01 8.000000e-02 1.827650e-02
5.200000e-01 1.000000e-01 2.234727e-02
5.200000e-01 1.200000e-01 2.621852e-02
5.200000e-01 1.400000e-01 2.989101e-02
5.200000e-01 1.600000e-01 3.336402e-02
5.200000e-01 1.800000e-01 3.663856e-02
5.200000e-01 2.000000e-01 3.971368e-02
5.200000e-01 2.200000e-01 4.259058e-02
5.200000e-01 2.400000e-01 4.526812e-02
5.200000e-01 2.600000e-01 4.774768e-02
5.200000e-01 2.800000e-01 5.002792e-02
5.200000e-01 3.000000e-01 5.211040e-02
5.200000e-01 3.200000e-01 5.399360e-02
5.200000e-01 3.400000e-01 5.567922e-02
5.200000e-01 3.600000e-01 5.716560e-02
5.200000e-01 3.800000e-01 5.845454e-02
5.200000e-01 4.000000e-01 5.954427e-02
5.200000e-01 4.200000e-01 6.043669e-02
5.200000e-01 4.400000e-01 6.112990e-02
5.200000e-01 4.600000e-01 6.162588e-02
5.200000e-01 4.800000e-01 6.192267e-02
5.200000e-01 5.000000e-01 6.202226e-02
5.200000e-01 5.200000e-01 6.192267e-02
5.200000e-01 5.400000e-01 6.162588e-02
5.200000e-01 5.600000e-01 6.112990e-02
5.200000e-01 5.800000e-01 6.043669e-02
5.200000e-01 6.000000e-01 5.954427e-02
5.200000e-01 6.200000e-01 5.845454e-02
5.200000e-01 6.400000e-01 5.716560e-02
5.200000e-01 6.600000e-01 5.567922e-02
5.200000e-01 6.800000e-01 5.399360e-02
5.200000e-01 7.000000e-01 5.211040e-02
5.200000e-01 7.200000e-01 5.002792e-02
5.200000e-01 7.400000e-01 4.774768e-02
5.200000e-01 7.600000e-01 4.526812e-02
5.200000e-01 7.800000e-01 4.259058e-02
5.200000e-01 8.000000e-01 3.971368e-02
5.200000e-01 8.200000e-01 3.663856e-02
5.200000e-01 8.400000e-01 3.336402e-02
5.200000e-01 8.600000e-01 2.989101e-02
5.200000e-01 8.800000e-01 2.621852e-02
5.200000e-01 9.000000e-01 2.234727e-02
5.200000e-01 9.200000e-01 1.827650e-02
5.200000e-01 9.400000e-01 1.400666e-02
5.200000e-01 9.600000e-01 9.537234e-03
5.200000e-01 9.800000e-01 4.868441e-03

5.400000e-01 2.000000e-02 4.845031e-03
5.400000e-01 4.000000e-02 9.491497e-03
5.400000e-01 6.000000e-02 1.393930e-02
5.400000e-01 8.000000e-02 1.818886e-02
5.400000e-01 1.000000e-01 2.223981e-02
5.400000e-01 1.200000e-01 2.609281e-02
5.400000e-01 1.400000e-01 2.974727e-02
5.400000e-01 1.600000e-01 3.320406e-02
5.400000e-01 1.800000e-01 3.646237e-02
5.400000e-01 2.000000e-01 3.952328e-02
5.400000e-01 2.200000e-01 4.238577e-02
5.400000e-01 2.400000e-01 4.505111e-02
5.400000e-01 2.600000e-01 4.751807e-02
5.400000e-01 2.800000e-01 4.978811e-02
5.400000e-01 3.000000e-01 5.185981e-02
5.400000e-01 3.200000e-01 5.373479e-02
5.400000e-01 3.400000e-01 5.541147e-02
5.400000e-01 3.600000e-01 5.689159e-02
5.400000e-01 3.800000e-01 5.817344e-02
5.400000e-01 4.000000e-01 5.925887e-02
5.400000e-01 4.200000e-01 6.014605e-02
5.400000e-01 4.400000e-01 6.083691e-02
5.400000e-01 4.600000e-01 6.132953e-02
5.400000e-01 4.800000e-01 6.162588e-02
5.400000e-01 5.000000e-01 6.172400e-02
5.400000e-01 5.200000e-01 6.162588e-02
5.400000e-01 5.400000e-01 6.132953e-02
5.400000e-01 5.600000e-01 6.083691e-02
5.400000e-01 5.800000e-01 6.014605e-02
5.400000e-01 6.000000e-01 5.925887e-02
5.400000e-01 6.200000e-01 5.817344e-02
5.400000e-01 6.400000e-01 5.689159e-02
5.400000e-01 6.600000e-01 5.541147e-02
5.400000e-01 6.800000e-01 5.373479e-02
5.400000e-01 7.000000e-01 5.185981e-02
5.400000e-01 7.200000e-01 4.978811e-02
5.400000e-01 7.400000e-01 4.751807e-02
5.400000e-01 7.600000e-01 4.505111e-02
5.400000e-01 7.800000e-01 4.238577e-02
5.400000e-01 8.000000e-01 3.952328e-02
5.400000e-01 8.200000e-01 3.646237e-02
5.400000e-01 8.400000e-01 3.320406e-02
5.400000e-01 8.600000e-01 2.974727e-02
5.400000e-01 8.800000e-01 2.609281e-02
5.400000e-01 9.000000e-01 2.223981e-02
5.400000e-01 9.200000e-01 1.818886e-02
5.400000e-01 9.400000e-01 1.393930e-02
5.400000e-01 9.600000e-01 9.491497e-03
5.400000e-01 9.800000e-01 4.845031e-03

5.600000e-01 2.000000e-02 4.806095e-03
5.600000e-01 4.000000e-02 9.415102e-03
5.600000e-01 6.000000e-02 1.382729e-02
5.600000e-01 8.000000e-02 1.804246e-02
5.600000e-01 1.000000e-01 2.206111e-02
5.600000e-01 1.200000e-01 2.588280e-02
5.600000e-01 1.400000e-01 2.950826e-02
5.600000e-01 1.600000e-01 3.293682e-02
5.600000e-01 1.800000e-01 3.616943e-02
5.600000e-01 2.000000e-01 3.920518e-02
5.600000e-01 2.200000e-01 4.204526e-02
5.600000e-01 2.400000e-01 4.468852e-02
5.600000e-01 2.600000e-01 4.713634e-02
5.600000e-01 2.800000e-01 4.938740e-02
5.600000e-01 3.000000e-01 5.144322e-02
5.600000e-01 3.200000e-01 5.330232e-02
5.600000e-01 3.400000e-01 5.496636e-02
5.600000e-01 3.600000e-01 5.643372e-02
5.600000e-01 3.800000e-01 5.770616e-02
5.600000e-01 4.000000e-01 5.878195e-02
5.600000e-01 4.200000e-01 5.966294e-02
5.600000e-01 4.400000e-01 6.034728e-02
5.600000e-01 4.600000e-01 6.083691e-02
5.600000e-01 4.800000e-01 6.112990e-02
5.600000e-01 5.000000e-01 6.122821e-02
5.600000e-01 5.200000e-01 6.112990e-02
5.600000e-01 5.400000e-01 6.083691e-02
5.600000e-01 5.600000e-01 6.034728e-02
5.600000e-01 5.800000e-01 5.966294e-02
5.600000e-01 6.000000e-01 5.878195e-02
5.600000e-01 6.200000e-01 5.770616e-02
5.600000e-01 6.400000e-01 5.643372e-02
5.600000e-01 6.600000e-01 5.496636e-02
5.600000e-01 6.800000e-01 5.330232e-02
5.600000e-01 7.000000e-01 5.144322e-02
5.600000e-01 7.200000e-01 4.938740e-02
5.600000e-01 7.400000e-01 4.713634e-02
5.600000e-01 7.600000e-01 4.468852e-02
5.600000e-01 7.800000e-01 4.204526e-02
5.600000e-01 8.000000e-01 3.920518e-02
5.600000e-01 8.200000e-01 3.616943e-02
5.600000e-01 8.400000e-01 3.293682e-02
5.600000e-01 8.600000e-01 2.950826e-02
5.600000e-01 8.800000e-01 2.588280e-02
5.600000e-01 9.000000e-01 2.206111e-02
5.600000e-01 9.200000e-01 1.804246e-02
5.600000e-01 9.400000e-01 1.382729e-02
5.600000e-01 9.600000e-01 9.415102e-03
5.600000e-01 9.800000e-01 4.806095e-03

5.800000e-01 2.000000e-02 4.751511e-03
5.800000e-01 4.000000e-02 9.308293e-03
5.800000e-01 6.000000e-02 1.367026e-02
5.800000e-01 8.000000e-02 1.783779e-02
5.800000e-01 1.000000e-01 2.181057e-02
5.800000e-01 1.200000e-01 2.558921e-02
5.800000e-01 1.400000e-01 2.917314e-02
5.800000e-01 1.600000e-01 3.256323e-02
5.800000e-01 1.800000e-01 3.575867e-02
5.800000e-01 2.000000e-01 3.876052e-02
5.800000e-01 2.200000e-01 4.156777e-02
5.800000e-01 2.400000e-01 4.418169e-02
5.800000e-01 2.600000e-01 4.660105e-02
5.800000e-01 2.800000e-01 4.882729e-02
5.800000e-01 3.000000e-01 5.085903e-02
5.800000e-01 3.200000e-01 5.269783e-02
5.800000e-01 3.400000e-01 5.434216e-02
5.800000e-01 3.600000e-01 5.579373e-02
5.800000e-01 3.800000e-01 5.705086e-02
5.800000e-01 4.000000e-01 5.811534e-02
5.800000e-01 4.200000e-01 5.898541e-02
5.800000e-01 4.400000e-01 5.966294e-02
5.800000e-01 4.600000e-01 6.014605e-02
5.800000e-01 4.800000e-01 6.043669e-02
5.800000e-01 5.000000e-01 6.053292e-02
5.800000e-01 5.200000e-01 6.043669e-02
5.800000e-01 5.400000e-01 6.014605e-02
5.800000e-01 5.600000e-01 5.966294e-02
5.800000e-01 5.800000e-01 5.898541e-02
5.800000e-01 6.000000e-01 5.811534e-02
5.800000e-01 6.200000e-01 5.705086e-02
5.800000e-01 6.400000e-01 5.579373e-02
5.800000e-01 6.600000e-01 5.434216e-02
5.800000e-01 6.800000e-01 5.269783e-02
5.800000e-01 7.000000e-01 5.085903e-02
5.800000e-01 7.200000e-01 4.882729e-02
5.800000e-01 7.400000e-01 4.660105e-02
5.800000e-01 7.600000e-01 4.418169e-02
5.800000e-01 7.800000e-01 4.156777e-02
5.800000e-01 8.000000e-01 3.876052e-02
5.800000e-01 8.200000e-01 3.575867e-02
5.800000e-01 8.400000e-01 3.256323e-02
5.800000e-01 8.600000e-01 2.917314e-02
5.800000e-01 8.800000e-01 2.558921e-02
5.800000e-01 9.000000e-01 2.181057e-02
5.800000e-01 9.200000e-01 1.783779e-02
5.800000e-01 9.400000e-01 1.367026e-02
5.800000e-01 9.600000e-01 9.308293e-03
5.800000e-01 9.800000e-01 4.751511e-03

6.000000e-01 2.000000e-02 4.681398e-03
6.000000e-01 4.000000e-02 9.170825e-03
6.000000e-01 6.000000e-02 1.346855e-02
6.000000e-01 8.000000e-02 1.757436e-02
6.000000e-01 1.000000e-01 2.148876e-02
6.000000e-01 1.200000e-01 2.521131e-02
6.000000e-01 1.400000e-01 2.874273e-02
6.000000e-01 1.600000e-01 3.208236e-02
6.000000e-01 1.800000e-01 3.523112e-02
6.000000e-01 2.000000e-01 3.818814e-02
6.000000e-01 2.200000e-01 4.095455e-02
6.000000e-01 2.400000e-01 4.352926e-02
6.000000e-01 2.600000e-01 4.591360e-02
6.000000e-01 2.800000e-01 4.810628e-02
6.000000e-01 3.000000e-01 5.010878e-02
6.000000e-01 3.200000e-01 5.191967e-02
6.000000e-01 3.400000e-01 5.354056e-02
6.000000e-01 3.600000e-01 5.496987e-02
6.000000e-01 3.800000e-01 5.620931e-02
6.000000e-01 4.000000e-01 5.725720e-02
6.000000e-01 4.200000e-01 5.811534e-02
6.000000e-01 4.400000e-01 5.878195e-02
6.000000e-01 4.600000e-01 5.925887e-02
6.000000e-01 4.800000e-01 5.954427e-02
6.000000e-01 5.000000e-01 5.964004e-02
6.000000e-01 5.200000e-01 5.954427e-02
6.000000e-01 5.400000e-01 5.925887e-02
6.000000e-01 5.600000e-01 5.878195e-02
6.000000e-01 5.800000e-01 5.811534e-02
6.000000e-01 6.000000e-01 5.725720e-02
6.000000e-01 6.200000e-01 5.620931e-02
6.000000e-01 6.400000e-01 5.496987e-02
6.000000e-01 6.600000e-01 5.354056e-02
6.000000e-01 6.800000e-01 5.191967e-02
6.000000e-01 7.000000e-01 5.010878e-02
6.000000e-01 7.200000e-01 4.810628e-02
6.000000e-01 7.400000e-01 4.591360e-02
6.000000e-01 7.600000e-01 4.352926e-02
6.000000e-01 7.800000e-01 4.095455e-02
6.000000e-01 8.000000e-01 3.818814e-02
6.000000e-01 8.200000e-01 3.523112e-02
6.000000e-01 8.400000e-01 3.208236e-02
6.000000e-01 8.600000e-01 2.874273e-02
6.000000e-01 8.800000e-01 2.521131e-02
6.000000e-01 9.000000e-01 2.148876e-02
6.000000e-01 9.200000e-01 1.757436e-02
6.000000e-01 9.400000e-01 1.346855e-02
6.000000e-01 9.600000e-01 9.170825e-03
6.000000e-01 9.800000e-01 4.681398e-03

6.200000e-01 2.000000e-02 4.595634e-03
6.200000e-01 4.000000e-02 9.002934e-03
6.200000e-01 6.000000e-02 1.322181e-02
6.200000e-01 8.000000e-02 1.725264e-02
6.200000e-01 1.000000e-01 2.109511e-02
6.200000e-01 1.200000e-01 2.474981e-02
6.200000e-01 1.400000e-01 2.821621e-02
6.200000e-01 1.600000e-01 3.149511e-02
6.200000e-01 1.800000e-01 3.458575e-02
6.200000e-01 2.000000e-01 3.748915e-02
6.200000e-01 2.200000e-01 4.020435e-02
6.200000e-01 2.400000e-01 4.273254e-02
6.200000e-01 2.600000e-01 4.507257e-02
6.200000e-01 2.800000e-01 4.722581e-02
6.200000e-01 3.000000e-01 4.919092e-02
6.200000e-01 3.200000e-01 5.096943e-02
6.200000e-01 3.400000e-01 5.255985e-02
6.200000e-01 3.600000e-01 5.396382e-02
6.200000e-01 3.800000e-01 5.517973e-02
6.200000e-01 4.000000e-01 5.620931e-02
6.200000e-01 4.200000e-01 5.705086e-02
6.200000e-01 4.400000e-01 5.770616e-02
6.200000e-01 4.600000e-01 5.817344e-02
6.200000e-01 4.800000e-01 5.845454e-02
6.200000e-01 5.000000e-01 5.854763e-02
6.200000e-01 5.200000e-01 5.845454e-02
6.200000e-01 5.400000e-01 5.817344e-02
6.200000e-01 5.600000e-01 5.770616e-02
6.200000e-01 5.800000e-01 5.705086e-02
6.200000e-01 6.000000e-01 5.620931e-02
6.200000e-01 6.200000e-01 5.517973e-02
6.200000e-01 6.400000e-01 5.396382e-02
6.200000e-01 6.600000e-01 5.255985e-02
6.200000e-01 6.800000e-01 5.096943e-02
6.200000e-01 7.000000e-01 4.919092e-02
6.200000e-01 7.200000e-01 4.722581e-02
6.200000e-01 7.400000e-01 4.507257e-02
6.200000e-01 7.600000e-01 4.273254e-02
6.200000e-01 7.800000e-01 4.020435e-02
6.200000e-01 8.000000e-01 3.748915e-02
6.200000e-01 8.200000e-01 3.458575e-02
6.200000e-01 8.400000e-01 3.149511e-02
6.200000e-01 8.600000e-01 2.821621e-02
6.200000e-01 8.800000e-01 2.474981e-02
6.200000e-01 9.000000e-01 2.109511e-02
6.200000e-01 9.200000e-01 1.725264e-02
6.200000e-01 9.400000e-01 1.322181e-02
6.200000e-01 9.600000e-01 9.002934e-03
6.200000e-01 9.800000e-01 4.595634e-03

6.400000e-01 2.000000e-02 4.494336e-03
6.400000e-01 4.000000e-02 8.804381e-03
6.400000e-01 6.000000e-02 1.293039e-02
6.400000e-01 8.000000e-02 1.687216e-02
6.400000e-01 1.000000e-01 2.063017e-02
6.400000e-01 1.200000e-01 2.420400e-02
6.400000e-01 1.400000e-01 2.759434e-02
6.400000e-01 1.600000e-01 3.080056e-02
6.400000e-01 1.800000e-01 3.382354e-02
6.400000e-01 2.000000e-01 3.666244e-02
6.400000e-01 2.200000e-01 3.931834e-02
6.400000e-01 2.400000e-01 4.179022e-02
6.400000e-01 2.600000e-01 4.407931e-02
6.400000e-01 2.800000e-01 4.618442e-02
6.400000e-01 3.000000e-01 4.810694e-02
6.400000e-01 3.200000e-01 4.984550e-02
6.400000e-01 3.400000e-01 5.140165e-02
6.400000e-01 3.600000e-01 5.277388e-02
6.400000e-01 3.800000e-01 5.396382e-02
6.400000e-01 4.000000e-01 5.496987e-02
6.400000e-01 4.200000e-01 5.579373e-02
6.400000e-01 4.400000e-01 5.643372e-02
6.400000e-01 4.600000e-01 5.689159e-02
6.400000e-01 4.800000e-01 5.716560e-02
6.400000e-01 5.000000e-01 5.725753e-02
6.400000e-01 5.200000e-01 5.716560e-02
6.400000e-01 5.400000e-01 5.689159e-02
6.400000e-01 5.600000e-01 5.643372e-02
6.400000e-01 5.800000e-01 5.579373e-02
6.400000e-01 6.000000e-01 5.496987e-02
6.400000e-01 6.200000e-01 5.396382e-02
6.400000e-01 6.400000e-01 5.277388e-02
6.400000e-01 6.600000e-01 5.140165e-02
6.400000e-01 6.800000e-01 4.984550e-02
6.400000e-01 7.000000e-01 4.810694e-02
6.400000e-01 7.200000e-01 4.618442e-02
6.400000e-01 7.400000e-01 4.407931e-02
6.400000e-01 7.600000e-01 4.179022e-02
6.400000e-01 7.800000e-01 3.931834e-02
6.400000e-01 8.000000e-01 3.666244e-02
6.400000e-01 8.200000e-01 3.382354e-02
6.400000e-01 8.400000e-01 3.080056e-02
6.400000e-01 8.600000e-01 2.759434e-02
6.400000e-01 8.800000e-01 2.420400e-02
6.400000e-01 9.000000e-01 2.063017e-02
6.400000e-01 9.200000e-01 1.687216e-02
6.400000e-01 9.400000e-01 1.293039e-02
6.400000e-01 9.600000e-01 8.804381e-03
6.400000e-01 9.800000e-01 4.494336e-03

6.600000e-01 2.000000e-02 4.377387e-03
6.600000e-01 4.000000e-02 8.575390e-03
6.600000e-01 6.000000e-02 1.259393e-02
6.600000e-01 8.000000e-02 1.643336e-02
6.600000e-01 1.000000e-01 2.009337e-02
6.600000e-01 1.200000e-01 2.357454e-02
6.600000e-01 1.400000e-01 2.687635e-02
6.600000e-01 1.600000e-01 2.999958e-02
6.600000e-01 1.800000e-01 3.294349e-02
6.600000e-01 2.000000e-01 3.570905e-02
6.600000e-01 2.200000e-01 3.829535e-02
6.600000e-01 2.400000e-01 4.070351e-02
6.600000e-01 2.600000e-01 4.293246e-02
6.600000e-01 2.800000e-01 4.498348e-02
6.600000e-01 3.000000e-01 4.685532e-02
6.600000e-01 3.200000e-01 4.854940e-02
6.600000e-01 3.400000e-01 5.006433e-02
6.600000e-01 3.600000e-01 5.140165e-02
6.600000e-01 3.800000e-01 5.255985e-02
6.600000e-01 4.000000e-01 5.354056e-02
6.600000e-01 4.200000e-01 5.434216e-02
6.600000e-01 4.400000e-01 5.496636e-02
6.600000e-01 4.600000e-01 5.541147e-02
6.600000e-01 4.800000e-01 5.567922e-02
6.600000e-01 5.000000e-01 5.576789e-02
6.600000e-01 5.200000e-01 5.567922e-02
6.600000e-01 5.400000e-01 5.541147e-02
6.600000e-01 5.600000e-01 5.496636e-02
6.600000e-01 5.800000e-01 5.434216e-02
6.600000e-01 6.000000e-01 5.354056e-02
6.600000e-01 6.200000e-01 5.255985e-02
6.600000e-01 6.400000e-01 5.140165e-02
6.600000e-01 6.600000e-01 5.006433e-02
6.600000e-01 6.800000e-01 4.854940e-02
6.600000e-01 7.000000e-01 4.685532e-02
6.600000e-01 7.200000e-01 4.498348e-02
6.600000e-01 7.400000e-01 4.293246e-02
6.600000e-01 7.600000e-01 4.070351e-02
6.600000e-01 7.800000e-01 3.829535e-02
6.600000e-01 8.000000e-01 3.570905e-02
6.600000e-01 8.200000e-01 3.294349e-02
6.600000e-01 8.400000e-01 2.999958e-02
6.600000e-01 8.600000e-01 2.687635e-02
6.600000e-01 8.800000e-01 2.357454e-02
6.600000e-01 9.000000e-01 2.009337e-02
6.600000e-01 9.200000e-01 1.643336e-02
6.600000e-01 9.400000e-01 1.259393e-02
6.600000e-01 9.600000e-01 8.575390e-03
6.600000e-01 9.800000e-01 4.377387e-03

6.800000e-01 2.000000e-02 4.244894e-03
6.800000e-01 4.000000e-02 8.315735e-03
6.800000e-01 6.000000e-02 1.221276e-02
6.800000e-01 8.000000e-02 1.593578e-02
6.800000e-01 1.000000e-01 1.948525e-02
6.800000e-01 1.200000e-01 2.286076e-02
6.800000e-01 1.400000e-01 2.606297e-02
6.800000e-01 1.600000e-01 2.909128e-02
6.800000e-01 1.800000e-01 3.194653e-02
6.800000e-01 2.000000e-01 3.462791e-02
6.800000e-01 2.200000e-01 3.713646e-02
6.800000e-01 2.400000e-01 3.947119e-02
6.800000e-01 2.600000e-01 4.163328e-02
6.800000e-01 2.800000e-01 4.362160e-02
6.800000e-01 3.000000e-01 4.543746e-02
6.800000e-01 3.200000e-01 4.707958e-02
6.800000e-01 3.400000e-01 4.854940e-02
6.800000e-01 3.600000e-01 4.984550e-02
6.800000e-01 3.800000e-01 5.096943e-02
6.800000e-01 4.000000e-01 5.191967e-02
6.800000e-01 4.200000e-01 5.269783e-02
6.800000e-01 4.400000e-01 5.330232e-02
6.800000e-01 4.600000e-01 5.373479e-02
6.800000e-01 4.800000e-01 5.399360e-02
6.800000e-01 5.000000e-01 5.408043e-02
6.800000e-01 5.200000e-01 5.399360e-02
6.800000e-01 5.400000e-01 5.373479e-02
6.800000e-01 5.600000e-01 5.330232e-02
6.800000e-01 5.800000e-01 5.269783e-02
6.800000e-01 6.000000e-01 5.191967e-02
6.800000e-01 6.200000e-01 5.096943e-02
6.800000e-01 6.400000e-01 4.984550e-02
6.800000e-01 6.600000e-01 4.854940e-02
6.800000e-01 6.800000e-01 4.707958e-02
6.800000e-01 7.000000e-01 4.543746e-02
6.800000e-01 7.200000e-01 4.362160e-02
6.800000e-01 7.400000e-01 4.163328e-02
6.800000e-01 7.600000e-01 3.947119e-02
6.800000e-01 7.800000e-01 3.713646e-02
6.800000e-01 8.000000e-01 3.462791e-02
6.800000e-01 8.200000e-01 3.194653e-02
6.800000e-01 8.400000e-01 2.909128e-02
6.800000e-01 8.600000e-01 2.606297e-02
6.800000e-01 8.800000e-01 2.286076e-02
6.800000e-01 9.000000e-01 1.948525e-02
6.800000e-01 9.200000e-01 1.593578e-02
6.800000e-01 9.400000e-01 1.221276e-02
6.800000e-01 9.600000e-01 8.315735e-03
6.800000e-01 9.800000e-01 4.244894e-03

7.000000e-01 2.000000e-02 4.096748e-03
7.000000e-01 4.000000e-02 8.025622e-03
7.000000e-01 6.000000e-02 1.178655e-02
7.000000e-01 8.000000e-02 1.537985e-02
7.000000e-01 1.000000e-01 1.880525e-02
7.000000e-01 1.200000e-01 2.206328e-02
7.000000e-01 1.400000e-01 2.515345e-02
7.000000e-01 1.600000e-01 2.807648e-02
7.000000e-01 1.800000e-01 3.083171e-02
7.000000e-01 2.000000e-01 3.342002e-02
7.000000e-01 2.200000e-01 3.584056e-02
7.000000e-01 2.400000e-01 3.809439e-02
7.000000e-01 2.600000e-01 4.018049e-02
7.000000e-01 2.800000e-01 4.210007e-02
7.000000e-01 3.000000e-01 4.385195e-02
7.000000e-01 3.200000e-01 4.543746e-02
7.000000e-01 3.400000e-01 4.685532e-02
7.000000e-01 3.600000e-01 4.810694e-02
7.000000e-01 3.800000e-01 4.919092e-02
7.000000e-01 4.000000e-01 5.010878e-02
7.000000e-01 4.200000e-01 5.085903e-02
7.000000e-01 4.400000e-01 5.144322e-02
7.000000e-01 4.600000e-01 5.185981e-02
7.000000e-01 4.800000e-01 5.211040e-02
7.000000e-01 5.000000e-01 5.219339e-02
7.000000e-01 5.200000e-01 5.211040e-02
7.000000e-01 5.400000e-01 5.185981e-02
7.000000e-01 5.600000e-01 5.144322e-02
7.000000e-01 5.800000e-01 5.085903e-02
7.000000e-01 6.000000e-01 5.010878e-02
7.000000e-01 6.200000e-01 4.919092e-02
7.000000e-01 6.400000e-01 4.810694e-02
7.000000e-01 6.600000e-01 4.685532e-02
7.000000e-01 6.800000e-01 4.543746e-02
7.000000e-01 7.000000e-01 4.385195e-02
7.000000e-01 7.200000e-01 4.210007e-02
7.000000e-01 7.400000e-01 4.018049e-02
7.000000e-01 7.600000e-01 3.809439e-02
7.000000e-01 7.800000e-01 3.584056e-02
7.000000e-01 8.000000e-01 3.342002e-02
7.000000e-01 8.200000e-01 3.083171e-02
7.000000e-01 8.400000e-01 2.807648e-02
7.000000e-01 8.600000e-01 2.515345e-02
7.000000e-01 8.800000e-01 2.206328e-02
7.000000e-01 9.000000e-01 1.880525e-02
7.000000e-01 9.200000e-01 1.537985e-02
7.000000e-01 9.400000e-01 1.178655e-02
7.000000e-01 9.600000e-01 8.025622e-03
7.000000e-01 9.800000e-01 4.096748e-03

7.200000e-01 2.000000e-02 3.933048e-03
7.200000e-01 4.000000e-02 7.704841e-03
7.200000e-01 6.000000e-02 1.131559e-02
7.200000e-01 8.000000e-02 1.476514e-02
7.200000e-01 1.000000e-01 1.805388e-02
7.200000e-01 1.200000e-01 2.118146e-02
7.200000e-01 1.400000e-01 2.414847e-02
7.200000e-01 1.600000e-01 2.695436e-02
7.200000e-01 1.800000e-01 2.959990e-02
7.200000e-01 2.000000e-01 3.208436e-02
7.200000e-01 2.200000e-01 3.440867e-02
7.200000e-01 2.400000e-01 3.657194e-02
7.200000e-01 2.600000e-01 3.857525e-02
7.200000e-01 2.800000e-01 4.041756e-02
7.200000e-01 3.000000e-01 4.210007e-02
7.200000e-01 3.200000e-01 4.362160e-02
7.200000e-01 3.400000e-01 4.498348e-02
7.200000e-01 3.600000e-01 4.618442e-02
7.200000e-01 3.800000e-01 4.722581e-02
7.200000e-01 4.000000e-01 4.810628e-02
7.200000e-01 4.200000e-01 4.882729e-02
7.200000e-01 4.400000e-01 4.938740e-02
7.200000e-01 4.600000e-01 4.978811e-02
7.200000e-01 4.800000e-01 5.002792e-02
7.200000e-01 5.000000e-01 5.010837e-02
7.200000e-01 5.200000e-01 5.002792e-02
7.200000e-01 5.400000e-01 4.978811e-02
7.200000e-01 5.600000e-01 4.938740e-02
7.200000e-01 5.800000e-01 4.882729e-02
7.200000e-01 6.000000e-01 4.810628e-02
7.200000e-01 6.200000e-01 4.722581e-02
7.200000e-01 6.400000e-01 4.618442e-02
7.200000e-01 6.600000e-01 4.498348e-02
7.200000e-01 6.800000e-01 4.362160e-02
7.200000e-01 7.000000e-01 4.210007e-02
7.200000e-01 7.200000e-01 4.041756e-02
7.200000e-01 7.400000e-01 3.857525e-02
7.200000e-01 7.600000e-01 3.657194e-02
7.200000e-01 7.800000e-01 3.440867e-02
7.200000e-01 8.000000e-01 3.208436e-02
7.200000e-01 8.200000e-01 2.959990e-02
7.200000e-01 8.400000e-01 2.695436e-02
7.200000e-01 8.600000e-01 2.414847e-02
7.200000e-01 8.800000e-01 2.118146e-02
7.200000e-01 9.000000e-01 1.805388e-02
7.200000e-01 9.200000e-01 1.476514e-02
7.200000e-01 9.400000e-01 1.131559e-02
7.200000e-01 9.600000e-01 7.704841e-03
7.200000e-01 9.800000e-01 3.933048e-03

7.400000e-01 2.000000e-02 3.753693e-03
7.400000e-01 4.000000e-02 7.353580e-03
7.400000e-01 6.000000e-02 1.079959e-02
7.400000e-01 8.000000e-02 1.409202e-02
7.400000e-01 1.000000e-01 1.723063e-02
7.400000e-01 1.200000e-01 2.021587e-02
7.400000e-01 1.400000e-01 2.304733e-02
7.400000e-01 1.600000e-01 2.572564e-02
7.400000e-01 1.800000e-01 2.825021e-02
7.400000e-01 2.000000e-01 3.062183e-02
7.400000e-01 2.200000e-01 3.283974e-02
7.400000e-01 2.400000e-01 3.490489e-02
7.400000e-01 2.600000e-01 3.681637e-02
7.400000e-01 2.800000e-01 3.857525e-02
7.400000e-01 3.000000e-01 4.018049e-02
7.400000e-01 3.200000e-01 4.163328e-02
7.400000e-01 3.400000e-01 4.293246e-02
7.400000e-01 3.600000e-01 4.407931e-02
7.400000e-01 3.800000e-01 4.507257e-02
7.400000e-01 4.000000e-01 4.591360e-02
7.400000e-01 4.200000e-01 4.660105e-02
7.400000e-01 4.400000e-01 4.713634e-02
7.400000e-01 4.600000e-01 4.751807e-02
7.400000e-01 4.800000e-01 4.774768e-02
7.400000e-01 5.000000e-01 4.782373e-02
7.400000e-01 5.200000e-01 4.774768e-02
7.400000e-01 5.400000e-01 4.751807e-02
7.400000e-01 5.600000e-01 4.713634e-02
7.400000e-01 5.800000e-01 4.660105e-02
7.400000e-01 6.000000e-01 4.591360e-02
7.400000e-01 6.200000e-01 4.507257e-02
7.400000e-01 6.400000e-01 4.407931e-02
7.400000e-01 6.600000e-01 4.293246e-02
7.400000e-01 6.800000e-01 4.163328e-02
7.400000e-01 7.000000e-01 4.018049e-02
7.400000e-01 7.200000e-01 3.857525e-02
7.400000e-01 7.400000e-01 3.681637e-02
7.400000e-01 7.600000e-01 3.490489e-02
7.400000e-01 7.800000e-01 3.283974e-02
7.400000e-01 8.000000e-01 3.062183e-02
7.400000e-01 8.200000e-01 2.825021e-02
7.400000e-01 8.400000e-01 2.572564e-02
7.400000e-01 8.600000e-01 2.304733e-02
7.400000e-01 8.800000e-01 2.021587e-02
7.400000e-01 9.000000e-01 1.723063e-02
7.400000e-01 9.200000e-01 1.409202e-02
7.400000e-01 9.400000e-01 1.079959e-02
7.400000e-01 9.600000e-01 7.353580e-03
7.400000e-01 9.800000e-01 3.753693e-03

7.600000e-01 2.000000e-02 3.558771e-03
7.600000e-01 4.000000e-02 6.971644e-03
7.600000e-01 6.000000e-02 1.023881e-02
7.600000e-01 8.000000e-02 1.336012e-02
7.600000e-01 1.000000e-01 1.633594e-02
7.600000e-01 1.200000e-01 1.916594e-02
7.600000e-01 1.400000e-01 2.185064e-02
7.600000e-01 1.600000e-01 2.438958e-02
7.600000e-01 1.800000e-01 2.678341e-02
7.600000e-01 2.000000e-01 2.903151e-02
7.600000e-01 2.200000e-01 3.113469e-02
7.600000e-01 2.400000e-01 3.309216e-02
7.600000e-01 2.600000e-01 3.490489e-02
7.600000e-01 2.800000e-01 3.657194e-02
7.600000e-01 3.000000e-01 3.809439e-02
7.600000e-01 3.200000e-01 3.947119e-02
7.600000e-01 3.400000e-01 4.070351e-02
7.600000e-01 3.600000e-01 4.179022e-02
7.600000e-01 3.800000e-01 4.273254e-02
7.600000e-01 4.000000e-01 4.352926e-02
7.600000e-01 4.200000e-01 4.418169e-02
7.600000e-01 4.400000e-01 4.468852e-02
7.600000e-01 4.600000e-01 4.505111e-02
7.600000e-01 4.800000e-01 4.526812e-02
7.600000e-01 5.000000e-01 4.534091e-02
7.600000e-01 5.200000e-01 4.526812e-02
7.600000e-01 5.400000e-01 4.505111e-02
7.600000e-01 5.600000e-01 4.468852e-02
7.600000e-01 5.800000e-01 4.418169e-02
7.600000e-01 6.000000e-01 4.352926e-02
7.600000e-01 6.200000e-01 4.273254e-02
7.600000e-01 6.400000e-01 4.179022e-02
7.600000e-01 6.600000e-01 4.070351e-02
7.600000e-01 6.800000e-01 3.947119e-02
7.600000e-01 7.000000e-01 3.809439e-02
7.600000e-01 7.200000e-01 3.657194e-02
7.600000e-01 7.400000e-01 3.490489e-02
7.600000e-01 7.600000e-01 3.309216e-02
7.600000e-01 7.800000e-01 3.113469e-02
7.600000e-01 8.000000e-01 2.903151e-02
7.600000e-01 8.200000e-01 2.678341e-02
7.600000e-01 8.400000e-01 2.438958e-02
7.600000e-01 8.600000e-01 2.185064e-02
7.600000e-01 8.800000e-01 1.916594e-02
7.600000e-01 9.000000e-01 1.633594e-02
7.600000e-01 9.200000e-01 1.336012e-02
7.600000e-01 9.400000e-01 1.023881e-02
7.600000e-01 9.600000e-01 6.971644e-03
7.600000e-01 9.800000e-01 3.558771e-03

7.800000e-01 2.000000e-02 3.348191e-03
7.800000e-01 4.000000e-02 6.559202e-03
7.800000e-01 6.000000e-02 9.632973e-03
7.800000e-01 8.000000e-02 1.256976e-02
7.800000e-01 1.000000e-01 1.536935e-02
7.800000e-01 1.200000e-01 1.803215e-02
7.800000e-01 1.400000e-01 2.055778e-02
7.800000e-01 1.600000e-01 2.294681e-02
7.800000e-01 1.800000e-01 2.519872e-02
7.800000e-01 2.000000e-01 2.731419e-02
7.800000e-01 2.200000e-01 2.929257e-02
7.800000e-01 2.400000e-01 3.113469e-02
7.800000e-01 2.600000e-01 3.283974e-02
7.800000e-01 2.800000e-01 3.440867e-02
7.800000e-01 3.000000e-01 3.584056e-02
7.800000e-01 3.200000e-01 3.713646e-02
7.800000e-01 3.400000e-01 3.829535e-02
7.800000e-01 3.600000e-01 3.931834e-02
7.800000e-01 3.800000e-01 4.020435e-02
7.800000e-01 4.000000e-01 4.095455e-02
7.800000e-01 4.200000e-01 4.156777e-02
7.800000e-01 4.400000e-01 4.204526e-02
7.800000e-01 4.600000e-01 4.238577e-02
7.800000e-01 4.800000e-01 4.259058e-02
7.800000e-01 5.000000e-01 4.265842e-02
7.800000e-01 5.200000e-01 4.259058e-02
7.800000e-01 5.400000e-01 4.238577e-02
7.800000e-01 5.600000e-01 4.204526e-02
7.800000e-01 5.800000e-01 4.156777e-02
7.800000e-01 6.000000e-01 4.095455e-02
7.800000e-01 6.200000e-01 4.020435e-02
7.800000e-01 6.400000e-01 3.931834e-02
7.800000e-01 6.600000e-01 3.829535e-02
7.800000e-01 6.800000e-01 3.713646e-02
7.800000e-01 7.000000e-01 3.584056e-02
7.800000e-01 7.200000e-01 3.440867e-02
7.800000e-01 7.400000e-01 3.283974e-02
7.800000e-01 7.600000e-01 3.113469e-02
7.800000e-01 7.800000e-01 2.929257e-02
7.800000e-01 8.000000e-01 2.731419e-02
7.800000e-01 8.200000e-01 2.519872e-02
7.800000e-01 8.400000e-01 2.294681e-02
7.800000e-01 8.600000e-01 2.055778e-02
7.800000e-01 8.800000e-01 1.803215e-02
7.800000e-01 9.000000e-01 1.536935e-02
7.800000e-01 9.200000e-01 1.256976e-02
7.800000e-01 9.400000e-01 9.632973e-03
7.800000e-01 9.600000e-01 6.559202e-03
7.800000e-01 9.800000e-01 3.348191e-03

8.000000e-01 2.000000e-02 3.122031e-03
8.000000e-01 4.000000e-02 6.116080e-03
8.000000e-01 6.000000e-02 8.982313e-03
8.000000e-01 8.000000e-02 1.172060e-02
8.000000e-01 1.000000e-01 1.433125e-02
8.000000e-01 1.200000e-01 1.681400e-02
8.000000e-01 1.400000e-01 1.916928e-02
8.000000e-01 1.600000e-01 2.139668e-02
8.000000e-01 1.800000e-01 2.349679e-02
8.000000e-01 2.000000e-01 2.546906e-02
8.000000e-01 2.200000e-01 2.731419e-02
8.000000e-01 2.400000e-01 2.903151e-02
8.000000e-01 2.600000e-01 3.062183e-02
8.000000e-01 2.800000e-01 3.208436e-02
8.000000e-01 3.000000e-01 3.342002e-02
8.000000e-01 3.200000e-01 3.462791e-02
8.000000e-01 3.400000e-01 3.570905e-02
8.000000e-01 3.600000e-01 3.666244e-02
8.000000e-01 3.800000e-01 3.748915e-02
8.000000e-01 4.000000e-01 3.818814e-02
8.000000e-01 4.200000e-01 3.876052e-02
8.000000e-01 4.400000e-01 3.920518e-02
8.000000e-01 4.600000e-01 3.952328e-02
8.000000e-01 4.800000e-01 3.971368e-02
8.000000e-01 5.000000e-01 3.977753e-02
8.000000e-01 5.200000e-01 3.971368e-02
8.000000e-01 5.400000e-01 3.952328e-02
8.000000e-01 5.600000e-01 3.920518e-02
8.000000e-01 5.800000e-01 3.876052e-02
8.000000e-01 6.000000e-01 3.818814e-02
8.000000e-01 6.200000e-01 3.748915e-02
8.000000e-01 6.400000e-01 3.666244e-02
8.000000e-01 6.600000e-01 3.570905e-02
8.000000e-01 6.800000e-01 3.462791e-02
8.000000e-01 7.000000e-01 3.342002e-02
8.000000e-01 7.200000e-01 3.208436e-02
8.000000e-01 7.400000e-01 3.062183e-02
8.000000e-01 7.600000e-01 2.903151e-02
8.000000e-01 7.800000e-01 2.731419e-02
8.000000e-01 8.000000e-01 2.546906e-02
8.000000e-01 8.200000e-01 2.349679e-02
8.000000e-01 8.400000e-01 2.139668e-02
8.000000e-01 8.600000e-01 1.916928e-02
8.000000e-01 8.800000e-01 1.681400e-02
8.000000e-01 9.000000e-01 1.433125e-02
8.000000e-01 9.200000e-01 1.172060e-02
8.000000e-01 9.400000e-01 8.982313e-03
8.000000e-01 9.600000e-01 6.116080e-03
8.000000e-01 9.800000e-01 3.122031e-03

8.200000e-01 2.000000e-02 2.880209e-03
8.200000e-01 4.000000e-02 5.642422e-03
8.200000e-01 6.000000e-02 8.286588e-03
8.200000e-01 8.000000e-02 1.081292e-02
8.200000e-01 1.000000e-01 1.322125e-02
8.200000e-01 1.200000e-01 1.551190e-02
8.200000e-01 1.400000e-01 1.768458e-02
8.200000e-01 1.600000e-01 1.973974e-02
8.200000e-01 1.800000e-01 2.167695e-02
8.200000e-01 2.000000e-01 2.349679e-02
8.200000e-01 2.200000e-01 2.519872e-02
8.200000e-01 2.400000e-01 2.678341e-02
8.200000e-01 2.600000e-01 2.825021e-02
8.200000e-01 2.800000e-01 2.959990e-02
8.200000e-01 3.000000e-01 3.083171e-02
8.200000e-01 3.200000e-01 3.194653e-02
8.200000e-01 3.400000e-01 3.294349e-02
8.200000e-01 3.600000e-01 3.382354e-02
8.200000e-01 3.800000e-01 3.458575e-02
8.200000e-01 4.000000e-01 3.523112e-02
8.200000e-01 4.200000e-01 3.575867e-02
8.200000e-01 4.400000e-01 3.616943e-02
8.200000e-01 4.600000e-01 3.646237e-02
8.200000e-01 4.800000e-01 3.663856e-02
8.200000e-01 5.000000e-01 3.669693e-02
8.200000e-01 5.200000e-01 3.663856e-02
8.200000e-01 5.400000e-01 3.646237e-02
8.200000e-01 5.600000e-01 3.616943e-02
8.200000e-01 5.800000e-01 3.575867e-02
8.200000e-01 6.000000e-01 3.523112e-02
8.200000e-01 6.200000e-01 3.458575e-02
8.200000e-01 6.400000e-01 3.382354e-02
8.200000e-01 6.600000e-01 3.294349e-02
8.200000e-01 6.800000e-01 3.194653e-02
8.200000e-01 7.000000e-01 3.083171e-02
8.200000e-01 7.200000e-01 2.959990e-02
8.200000e-01 7.400000e-01 2.825021e-02
8.200000e-01 7.600000e-01 2.678341e-02
8.200000e-01 7.800000e-01 2.519872e-02
8.200000e-01 8.000000e-01 2.349679e-02
8.200000e-01 8.200000e-01 2.167695e-02
8.200000e-01 8.400000e-01 1.973974e-02
8.200000e-01 8.600000e-01 1.768458e-02
8.200000e-01 8.800000e-01 1.551190e-02
8.200000e-01 9.000000e-01 1.322125e-02
8.200000e-01 9.200000e-01 1.081292e-02
8.200000e-01 9.400000e-01 8.286588e-03
8.200000e-01 9.600000e-01 5.642422e-03
8.200000e-01 9.800000e-01 2.880209e-03

8.400000e-01 2.000000e-02 2.622791e-03
8.400000e-01 4.000000e-02 5.138077e-03
8.400000e-01 6.000000e-02 7.545993e-03
8.400000e-01 8.000000e-02 9.846435e-03
8.400000e-01 1.000000e-01 1.203965e-02
8.400000e-01 1.200000e-01 1.412543e-02
8.400000e-01 1.400000e-01 1.610412e-02
8.400000e-01 1.600000e-01 1.797540e-02
8.400000e-01 1.800000e-01 1.973974e-02
8.400000e-01 2.000000e-01 2.139668e-02
8.400000e-01 2.200000e-01 2.294681e-02
8.400000e-01 2.400000e-01 2.438958e-02
8.400000e-01 2.600000e-01 2.572564e-02
8.400000e-01 2.800000e-01 2.695436e-02
8.400000e-01 3.000000e-01 2.807648e-02
8.400000e-01 3.200000e-01 2.909128e-02
8.400000e-01 3.400000e-01 2.999958e-02
8.400000e-01 3.600000e-01 3.080056e-02
8.400000e-01 3.800000e-01 3.149511e-02
8.400000e-01 4.000000e-01 3.208236e-02
8.400000e-01 4.200000e-01 3.256323e-02
8.400000e-01 4.400000e-01 3.293682e-02
8.400000e-01 4.600000e-01 3.320406e-02
8.400000e-01 4.800000e-01 3.336402e-02
8.400000e-01 5.000000e-01 3.341766e-02
8.400000e-01 5.200000e-01 3.336402e-02
8.400000e-01 5.400000e-01 3.320406e-02
8.400000e-01 5.600000e-01 3.293682e-02
8.400000e-01 5.800000e-01 3.256323e-02
8.400000e-01 6.000000e-01 3.208236e-02
8.400000e-01 6.200000e-01 3.149511e-02
8.400000e-01 6.400000e-01 3.080056e-02
8.400000e-01 6.600000e-01 2.999958e-02
8.400000e-01 6.800000e-01 2.909128e-02
8.400000e-01 7.000000e-01 2.807648e-02
8.400000e-01 7.200000e-01 2.695436e-02
8.400000e-01 7.400000e-01 2.572564e-02
8.400000e-01 7.600000e-01 2.438958e-02
8.400000e-01 7.800000e-01 2.294681e-02
8.400000e-01 8.000000e-01 2.139668e-02
8.400000e-01 8.200000e-01 1.973974e-02
8.400000e-01 8.400000e-01 1.797540e-02
8.400000e-01 8.600000e-01 1.610412e-02
8.400000e-01 8.800000e-01 1.412543e-02
8.400000e-01 9.000000e-01 1.203965e-02
8.400000e-01 9.200000e-01 9.846435e-03
8.400000e-01 9.400000e-01 7.545993e-03
8.400000e-01 9.600000e-01 5.138077e-03
8.400000e-01 9.800000e-01 2.622791e-03

8.600000e-01 2.000000e-02 2.349708e-03
8.600000e-01 4.000000e-02 4.603162e-03
8.600000e-01 6.000000e-02 6.760323e-03
8.600000e-01 8.000000e-02 8.821363e-03
8.600000e-01 1.000000e-01 1.078614e-02
8.600000e-01 1.200000e-01 1.265492e-02
8.600000e-01 1.400000e-01 1.442745e-02
8.600000e-01 1.600000e-01 1.610412e-02
8.600000e-01 1.800000e-01 1.768458e-02
8.600000e-01 2.000000e-01 1.916928e-02
8.600000e-01 2.200000e-01 2.055778e-02
8.600000e-01 2.400000e-01 2.185064e-02
8.600000e-01 2.600000e-01 2.304733e-02
8.600000e-01 2.800000e-01 2.414847e-02
8.600000e-01 3.000000e-01 2.515345e-02
8.600000e-01 3.200000e-01 2.606297e-02
8.600000e-01 3.400000e-01 2.687635e-02
8.600000e-01 3.600000e-01 2.759434e-02
8.600000e-01 3.800000e-01 2.821621e-02
8.600000e-01 4.000000e-01 2.874273e-02
8.600000e-01 4.200000e-01 2.917314e-02
8.600000e-01 4.400000e-01 2.950826e-02
8.600000e-01 4.600000e-01 2.974727e-02
8.600000e-01 4.800000e-01 2.989101e-02
8.600000e-01 5.000000e-01 2.993863e-02
8.600000e-01 5.200000e-01 2.989101e-02
8.600000e-01 5.400000e-01 2.974727e-02
8.600000e-01 5.600000e-01 2.950826e-02
8.600000e-01 5.800000e-01 2.917314e-02
8.600000e-01 6.000000e-01 2.874273e-02
8.600000e-01 6.200000e-01 2.821621e-02
8.600000e-01 6.400000e-01 2.759434e-02
8.600000e-01 6.600000e-01 2.687635e-02
8.600000e-01 6.800000e-01 2.606297e-02
8.600000e-01 7.000000e-01 2.515345e-02
8.600000e-01 7.200000e-01 2.414847e-02
8.600000e-01 7.400000e-01 2.304733e-02
8.600000e-01 7.600000e-01 2.185064e-02
8.600000e-01 7.800000e-01 2.055778e-02
8.600000e-01 8.000000e-01 1.916928e-02
8.600000e-01 8.200000e-01 1.768458e-02
8.600000e-01 8.400000e-01 1.610412e-02
8.600000e-01 8.600000e-01 1.442745e-02
8.600000e-01 8.800000e-01 1.265492e-02
8.600000e-01 9.000000e-01 1.078614e-02
8.600000e-01 9.200000e-01 8.821363e-03
8.600000e-01 9.400000e-01 6.760323e-03
8.600000e-01 9.600000e-01 4.603162e-03
8.600000e-01 9.800000e-01 2.349708e-03

8.800000e-01 2.000000e-02 2.061011e-03
8.800000e-01 4.000000e-02 4.037554e-03
8.800000e-01 6.000000e-02 5.929732e-03
8.800000e-01 8.000000e-02 7.737464e-03
8.800000e-01 1.000000e-01 9.460944e-03
8.800000e-01 1.200000e-01 1.110000e-02
8.800000e-01 1.400000e-01 1.265492e-02
8.800000e-01 1.600000e-01 1.412543e-02
8.800000e-01 1.800000e-01 1.551190e-02
8.800000e-01 2.000000e-01 1.681400e-02
8.800000e-01 2.200000e-01 1.803215e-02
8.800000e-01 2.400000e-01 1.916594e-02
8.800000e-01 2.600000e-01 2.021587e-02
8.800000e-01 2.800000e-01 2.118146e-02
8.800000e-01 3.000000e-01 2.206328e-02
8.800000e-01 3.200000e-01 2.286076e-02
8.800000e-01 3.400000e-01 2.357454e-02
8.800000e-01 3.600000e-01 2.420400e-02
8.800000e-01 3.800000e-01 2.474981e-02
8.800000e-01 4.000000e-01 2.521131e-02
8.800000e-01 4.200000e-01 2.558921e-02
8.800000e-01 4.400000e-01 2.588280e-02
8.800000e-01 4.600000e-01 2.609281e-02
8.800000e-01 4.800000e-01 2.621852e-02
8.800000e-01 5.000000e-01 2.626067e-02
8.800000e-01 5.200000e-01 2.621852e-02
8.800000e-01 5.400000e-01 2.609281e-02
8.800000e-01 5.600000e-01 2.588280e-02
8.800000e-01 5.800000e-01 2.558921e-02
8.800000e-01 6.000000e-01 2.521131e-02
8.800000e-01 6.200000e-01 2.474981e-02
8.800000e-01 6.400000e-01 2.420400e-02
8.800000e-01 6.600000e-01 2.357454e-02
8.800000e-01 6.800000e-01 2.286076e-02
8.800000e-01 7.000000e-01 2.206328e-02
8.800000e-01 7.200000e-01 2.118146e-02
8.800000e-01 7.400000e-01 2.021587e-02
8.800000e-01 7.600000e-01 1.916594e-02
8.800000e-01 7.800000e-01 1.803215e-02
8.800000e-01 8.000000e-01 1.681400e-02
8.800000e-01 8.200000e-01 1.551190e-02
8.800000e-01 8.400000e-01 1.412543e-02
8.800000e-01 8.600000e-01 1.265492e-02
8.800000e-01 8.800000e-01 1.110000e-02
8.800000e-01 9.000000e-01 9.460944e-03
8.800000e-01 9.200000e-01 7.737464e-03
8.800000e-01 9.400000e-01 5.929732e-03
8.800000e-01 9.600000e-01 4.037554e-03
8.800000e-01 9.800000e-01 2.061011e-03

9.000000e-01 2.000000e-02 1.756646e-03
9.000000e-01 4.000000e-02 3.441341e-03
9.000000e-01 6.000000e-02 5.054055e-03
9.000000e-01 8.000000e-02 6.594913e-03
9.000000e-01 1.000000e-01 8.063810e-03
9.000000e-01 1.200000e-01 9.460944e-03
9.000000e-01 1.400000e-01 1.078614e-02
9.000000e-01 1.600000e-01 1.203965e-02
9.000000e-01 1.800000e-01 1.322125e-02
9.000000e-01 2.000000e-01 1.433125e-02
9.000000e-01 2.200000e-01 1.536935e-02
9.000000e-01 2.400000e-01 1.633594e-02
9.000000e-01 2.600000e-01 1.723063e-02
9.000000e-01 2.800000e-01 1.805388e-02
9.000000e-01 3.000000e-01 1.880525e-02
9.000000e-01 3.200000e-01 1.948525e-02
9.000000e-01 3.400000e-01 2.009337e-02
9.000000e-01 3.600000e-01 2.063017e-02
9.000000e-01 3.800000e-01 2.109511e-02
9.000000e-01 4.000000e-01 2.148876e-02
9.000000e-01 4.200000e-01 2.181057e-02
9.000000e-01 4.400000e-01 2.206111e-02
9.000000e-01 4.600000e-01 2.223981e-02
9.000000e-01 4.800000e-01 2.234727e-02
9.000000e-01 5.000000e-01 2.238289e-02
9.000000e-01 5.200000e-01 2.234727e-02
9.000000e-01 5.400000e-01 2.223981e-02
9.000000e-01 5.600000e-01 2.206111e-02
9.000000e-01 5.800000e-01 2.181057e-02
9.000000e-01 6.000000e-01 2.148876e-02
9.000000e-01 6.200000e-01 2.109511e-02
9.000000e-01 6.400000e-01 2.063017e-02
9.000000e-01 6.600000e-01 2.009337e-02
9.000000e-01 6.800000e-01 1.948525e-02
9.000000e-01 7.000000e-01 1.880525e-02
9.000000e-01 7.200000e-01 1.805388e-02
9.000000e-01 7.400000e-01 1.723063e-02
9.000000e-01 7.600000e-01 1.633594e-02
9.000000e-01 7.800000e-01 1.536935e-02
9.000000e-01 8.000000e-01 1.433125e-02
9.000000e-01 8.200000e-01 1.322125e-02
9.000000e-01 8.400000e-01 1.203965e-02
9.000000e-01 8.600000e-01 1.078614e-02
9.000000e-01 8.800000e-01 9.460944e-03
9.000000e-01 9.000000e-01 8.063810e-03
9.000000e-01 9.200000e-01 6.594913e-03
9.000000e-01 9.400000e-01 5.054055e-03
9.000000e-01 9.600000e-01 3.441341e-03
9.000000e-01 9.800000e-01 1.756646e-03

9.200000e-01 2.000000e-02 1.436650e-03
9.200000e-01 4.000000e-02 2.814427e-03
9.200000e-01 6.000000e-02 4.133402e-03
9.200000e-01 8.000000e-02 5.393521e-03
9.200000e-01 1.000000e-01 6.594913e-03
9.200000e-01 1.200000e-01 7.737464e-03
9.200000e-01 1.400000e-01 8.821363e-03
9.200000e-01 1.600000e-01 9.846435e-03
9.200000e-01 1.800000e-01 1.081292e-02
9.200000e-01 2.000000e-01 1.172060e-02
9.200000e-01 2.200000e-01 1.256976e-02
9.200000e-01 2.400000e-01 1.336012e-02
9.200000e-01 2.600000e-01 1.409202e-02
9.200000e-01 2.800000e-01 1.476514e-02
9.200000e-01 3.000000e-01 1.537985e-02
9.200000e-01 3.200000e-01 1.593578e-02
9.200000e-01 3.400000e-01 1.643336e-02
9.200000e-01 3.600000e-01 1.687216e-02
9.200000e-01 3.800000e-01 1.725264e-02
9.200000e-01 4.000000e-01 1.757436e-02
9.200000e-01 4.200000e-01 1.783779e-02
9.200000e-01 4.400000e-01 1.804246e-02
9.200000e-01 4.600000e-01 1.818886e-02
9.200000e-01 4.800000e-01 1.827650e-02
9.200000e-01 5.000000e-01 1.830587e-02
9.200000e-01 5.200000e-01 1.827650e-02
9.200000e-01 5.400000e-01 1.818886e-02
9.200000e-01 5.600000e-01 1.804246e-02
9.200000e-01 5.800000e-01 1.783779e-02
9.200000e-01 6.000000e-01 1.757436e-02
9.200000e-01 6.200000e-01 1.725264e-02
9.200000e-01 6.400000e-01 1.687216e-02
9.200000e-01 6.600000e-01 1.643336e-02
9.200000e-01 6.800000e-01 1.593578e-02
9.200000e-01 7.000000e-01 1.537985e-02
9.200000e-01 7.200000e-01 1.476514e-02
9.200000e-01 7.400000e-01 1.409202e-02
9.200000e-01 7.600000e-01 1.336012e-02
9.200000e-01 7.800000e-01 1.256976e-02
9.200000e-01 8.000000e-01 1.172060e-02
9.200000e-01 8.200000e-01 1.081292e-02
9.200000e-01 8.400000e-01 9.846435e-03
9.200000e-01 8.600000e-01 8.821363e-03
9.200000e-01 8.800000e-01 7.737464e-03
9.200000e-01 9.000000e-01 6.594913e-03
9.200000e-01 9.200000e-01 5.393521e-03
9.200000e-01 9.400000e-01 4.133402e-03
9.200000e-01 9.600000e-01 2.814427e-03
9.200000e-01 9.800000e-01 1.436650e-03

9.400000e-01 2.000000e-02 1.100981e-03
9.400000e-01 4.000000e-02 2.156871e-03
9.400000e-01 6.000000e-02 3.167653e-03
9.400000e-01 8.000000e-02 4.133402e-03
9.400000e-01 1.000000e-01 5.054055e-03
9.400000e-01 1.200000e-01 5.929732e-03
9.400000e-01 1.400000e-01 6.760323e-03
9.400000e-01 1.600000e-01 7.545993e-03
9.400000e-01 1.800000e-01 8.286588e-03
9.400000e-01 2.000000e-01 8.982313e-03
9.400000e-01 2.200000e-01 9.632973e-03
9.400000e-01 2.400000e-01 1.023881e-02
9.400000e-01 2.600000e-01 1.079959e-02
9.400000e-01 2.800000e-01 1.131559e-02
9.400000e-01 3.000000e-01 1.178655e-02
9.400000e-01 3.200000e-01 1.221276e-02
9.400000e-01 3.400000e-01 1.259393e-02
9.400000e-01 3.600000e-01 1.293039e-02
9.400000e-01 3.800000e-01 1.322181e-02
9.400000e-01 4.000000e-01 1.346855e-02
9.400000e-01 4.200000e-01 1.367026e-02
9.400000e-01 4.400000e-01 1.382729e-02
9.400000e-01 4.600000e-01 1.393930e-02
9.400000e-01 4.800000e-01 1.400666e-02
9.400000e-01 5.000000e-01 1.402898e-02
9.400000e-01 5.200000e-01 1.400666e-02
9.400000e-01 5.400000e-01 1.393930e-02
9.400000e-01 5.600000e-01 1.382729e-02
9.400000e-01 5.800000e-01 1.367026e-02
9.400000e-01 6.000000e-01 1.346855e-02
9.400000e-01 6.200000e-01 1.322181e-02
9.400000e-01 6.400000e-01 1.293039e-02
9.400000e-01 6.600000e-01 1.259393e-02
9.400000e-01 6.800000e-01 1.221276e-02
9.400000e-01 7.000000e-01 1.178655e-02
9.400000e-01 7.200000e-01 1.131559e-02
9.400000e-01 7.400000e-01 1.079959e-02
9.400000e-01 7.600000e-01 1.023881e-02
9.400000e-01 7.800000e-01 9.632973e-03
9.400000e-01 8.000000e-01 8.982313e-03
9.400000e-01 8.200000e-01 8.286588e-03
9.400000e-01 8.400000e-01 7.545993e-03
9.400000e-01 8.600000e-01 6.760323e-03
9.400000e-01 8.800000e-01 5.929732e-03
9.400000e-01 9.000000e-01 5.054055e-03
9.400000e-01 9.200000e-01 4.133402e-03
9.400000e-01 9.400000e-01 3.167653e-03
9.400000e-01 9.600000e-01 2.156871e-03
9.400000e-01 9.800000e-01 1.100981e-03

9.600000e-01 2.000000e-02 7.496614e-04
9.600000e-01 4.000000e-02 1.468607e-03
9.600000e-01 6.000000e-02 2.156871e-03
9.600000e-01 8.000000e-02 2.814427e-03
9.600000e-01 1.000000e-01 3.441341e-03
9.600000e-01 1.200000e-01 4.037554e-03
9.600000e-01 1.400000e-01 4.603162e-03
9.600000e-01 1.600000e-01 5.138077e-03
9.600000e-01 1.800000e-01 5.642422e-03
9.600000e-01 2.000000e-01 6.116080e-03
9.600000e-01 2.200000e-01 6.559202e-03
9.600000e-01 2.400000e-01 6.971644e-03
9.600000e-01 2.600000e-01 7.353580e-03
9.600000e-01 2.800000e-01 7.704841e-03
9.600000e-01 3.000000e-01 8.025622e-03
9.600000e-01 3.200000e-01 8.315735e-03
9.600000e-01 3.400000e-01 8.575390e-03
9.600000e-01 3.600000e-01 8.804381e-03
9.600000e-01 3.800000e-01 9.002934e-03
9.600000e-01 4.000000e-01 9.170825e-03
9.600000e-01 4.200000e-01 9.308293e-03
9.600000e-01 4.400000e-01 9.415102e-03
9.600000e-01 4.600000e-01 9.491497e-03
9.600000e-01 4.800000e-01 9.537234e-03
9.600000e-01 5.000000e-01 9.552563e-03
9.600000e-01 5.200000e-01 9.537234e-03
9.600000e-01 5.400000e-01 9.491497e-03
9.600000e-01 5.600000e-01 9.415102e-03
9.600000e-01 5.800000e-01 9.308293e-03
9.600000e-01 6.000000e-01 9.170825e-03
9.600000e-01 6.200000e-01 9.002934e-03
9.600000e-01 6.400000e-01 8.804381e-03
9.600000e-01 6.600000e-01 8.575390e-03
9.600000e-01 6.800000e-01 8.315735e-03
9.600000e-01 7.000000e-01 8.025622e-03
9.600000e-01 7.200000e-01 7.704841e-03
9.600000e-01 7.400000e-01 7.353580e-03
9.600000e-01 7.600000e-01 6.971644e-03
9.600000e-01 7.800000e-01 6.559202e-03
9.600000e-01 8.000000e-01 6.116080e-03
9.600000e-01 8.200000e-01 5.642422e-03
9.600000e-01 8.400000e-01 5.138077e-03
9.600000e-01 8.600000e-01 4.603162e-03
9.600000e-01 8.800000e-01 4.037554e-03
9.600000e-01 9.000000e-01 3.441341e-03
9.600000e-01 9.200000e-01 2.814427e-03
9.600000e-01 9.400000e-01 2.156871e-03
9.600000e-01 9.600000e-01 1.468607e-03
9.600000e-01 9.800000e-01 7.496614e-04

9.800000e-01 2.000000e-02 3.826658e-04
9.800000e-01 4.000000e-02 7.496614e-04
9.800000e-01 6.000000e-02 1.100981e-03
9.800000e-01 8.000000e-02 1.436650e-03
9.800000e-01 1.000000e-01 1.756646e-03
9.800000e-01 1.200000e-01 2.061011e-03
9.800000e-01 1.400000e-01 2.349708e-03
9.800000e-01 1.600000e-01 2.622791e-03
9.800000e-01 1.800000e-01 2.880209e-03
9.800000e-01 2.000000e-01 3.122031e-03
9.800000e-01 2.200000e-01 3.348191e-03
9.800000e-01 2.400000e-01 3.558771e-03
9.800000e-01 2.600000e-01 3.753693e-03
9.800000e-01 2.800000e-01 3.933048e-03
9.800000e-01 3.000000e-01 4.096748e-03
9.800000e-01 3.200000e-01 4.244894e-03
9.800000e-01 3.400000e-01 4.377387e-03
9.800000e-01 3.600000e-01 4.494336e-03
9.800000e-01 3.800000e-01 4.595634e-03
9.800000e-01 4.000000e-01 4.681398e-03
9.800000e-01 4.200000e-01 4.751511e-03
9.800000e-01 4.400000e-01 4.806095e-03
9.800000e-01 4.600000e-01 4.845031e-03
9.800000e-01 4.800000e-01 4.868441e-03
9.800000e-01 5.000000e-01 4.876203e-03
9.800000e-01 5.200000e-01 4.868441e-03
9.800000e-01 5.400000e-01 4.845031e-03
9.800000e-01 5.600000e-01 4.806095e-03
9.800000e-01 5.800000e-01 4.751511e-03
9.800000e-01 6.000000e-01 4.681398e-03
9.800000e-01 6.200000e-01 4.595634e-03
9.800000e-01 6.400000e-01 4.494336e-03
9.800000e-01 6.600000e-01 4.377387e-03
9.800000e-01 6.800000e-01 4.244894e-03
9.800000e-01 7.000000e-01 4.096748e-03
9.800000e-01 7.200000e-01 3.933048e-03
9.800000e-01 7.400000e-01 3.753693e-03
9.800000e-01 7.600000e-01 3.558771e-03
9.800000e-01 7.800000e-01 3.348191e-03
9.800000e-01 8.000000e-01 3.122031e-03
9.800000e-01 8.200000e-01 2.880209e-03
9.800000e-01 8.400000e-01 2.622791e-03
9.800000e-01 8.600000e-01 2.349708e-03
9.800000e-01 8.800000e-01 2.061011e-03
9.800000e-01 9.000000e-01 1.756646e-03
9.800000e-01 9.200000e-01 1.436650e-03
9.800000e-01 9.400000e-01 1.100981e-03
9.800000e-01 9.600000e-01 7.496614e-04
9.800000e-01 9.800000e-01 3.826658e-04

