2.000000e-02 2.000000e-02 3.841600e-04
2.000000e-02 4.000000e-02 7.526400e-04
2.000000e-02 6.000000e-02 1.105440e-03
2.000000e-02 8.000000e-02 1.442560e-03
2.000000e-02 1.000000e-01 1.764000e-03
2.000000e-02 1.200000e-01 2.069760e-03
2.000000e-02 1.400000e-01 2.359840e-03
2.000000e-02 1.600000e-01 2.634240e-03
2.000000e-02 1.800000e-01 2.892960e-03
2.000000e-02 2.000000e-01 3.136000e-03
2.000000e-02 2.200000e-01 3.363360e-03
2.000000e-02 2.400000e-01 3.575040e-03
2.000000e-02 2.600000e-01 3.771040e-03
2.000000e-02 2.800000e-01 3.951360e-03
2.000000e-02 3.000000e-01 4.116000e-03
2.000000e-02 3.200000e-01 4.264960e-03
2.000000e-02 3.400000e-01 4.398240e-03
2.000000e-02 3.600000e-01 4.515840e-03
2.000000e-02 3.800000e-01 4.617760e-03
2.000000e-02 4.000000e-01 4.704000e-03
2.000000e-02 4.200000e-01 4.774560e-03
2.000000e-02 4.400000e-01 4.829440e-03
2.000000e-02 4.600000e-01 4.868640e-03
2.000000e-02 4.800000e-01 4.892160e-03
2.000000e-02 5.000000e-01 4.900000e-03
2.000000e-02 5.200000e-01 4.892160e-03
2.000000e-02 5.400000e-01 4.868640e-03
2.000000e-02 5.600000e-01 4.829440e-03
2.000000e-02 5.800000e-01 4.774560e-03
2.000000e-02 6.000000e-01 4.704000e-03
2.000000e-02 6.200000e-01 4.617760e-03
2.000000e-02 6.400000e-01 4.515840e-03
2.000000e-02 6.600000e-01 4.398240e-03
2.000000e-02 6.800000e-01 4.264960e-03
2.000000e-02 7.000000e-01 4.116000e-03
2.000000e-02 7.200000e-01 3.951360e-03
2.000000e-02 7.400000e-01 3.771040e-03
2.000000e-02 7.600000e-01 3.575040e-03
2.000000e-02 7.800000e-01 3.363360e-03
2.000000e-02 8.000000e-01 3.136000e-03
2.000000e-02 8.200000e-01 2.892960e-03
2.000000e-02 8.400000e-01 2.634240e-03
2.000000e-02 8.600000e-01 2.359840e-03
2.000000e-02 8.800000e-01 2.069760e-03
2.000000e-02 9.000000e-01 1.764000e-03
2.000000e-02 9.200000e-01 1.442560e-03
2.000000e-02 9.400000e-01 1.105440e-03
2.000000e-02 9.600000e-01 7.526400e-04
2.000000e-02 9.800000e-01 3.841600e-04

4.000000e-02 2.000000e-02 7.526400e-04
4.000000e-02 4.000000e-02 1.474560e-03
4.000000e-02 6.000000e-02 2.165760e-03
4.000000e-02 8.000000e-02 2.826240e-03
4.000000e-02 1.000000e-01 3.456000e-03
4.000000e-02 1.200000e-01 4.055040e-03
4.000000e-02 1.400000e-01 4.623360e-03
4.000000e-02 1.600000e-01 5.160960e-03
4.000000e-02 1.800000e-01 5.667840e-03
4.000000e-02 2.000000e-01 6.144000e-03
4.000000e-02 2.200000e-01 6.589440e-03
4.000000e-02 2.400000e-01 7.004160e-03
4.000000e-02 2.600000e-01 7.388160e-03
4.000000e-02 2.800000e-01 7.741440e-03
4.000000e-02 3.000000e-01 8.064000e-03
4.000000e-02 3.200000e-01 8.355840e-03
4.000000e-02 3.400000e-01 8.616960e-03
4.000000e-02 3.600000e-01 8.847360e-03
4.000000e-02 3.800000e-01 9.047040e-03
4.000000e-02 4.000000e-01 9.216000e-03
4.000000e-02 4.200000e-01 9.354240e-03
4.000000e-02 4.400000e-01 9.461760e-03
4.000000e-02 4.600000e-01 9.538560e-03
4.000000e-02 4.800000e-01 9.584640e-03
4.000000e-02 5.000000e-01 9.600000e-03
4.000000e-02 5.200000e-01 9.584640e-03
4.000000e-02 5.400000e-01 9.538560e-03
4.000000e-02 5.600000e-01 9.461760e-03
4.000000e-02 5.800000e-01 9.354240e-03
4.000000e-02 6.000000e-01 9.216000e-03
4.000000e-02 6.200000e-01 9.047040e-03
4.000000e-02 6.400000e-01 8.847360e-03
4.000000e-02 6.600000e-01 8.616960e-03
4.000000e-02 6.800000e-01 8.355840e-03
4.000000e-02 7.000000e-01 8.064000e-03
4.000000e-02 7.200000e-01 7.741440e-03
4.000000e-02 7.400000e-01 7.388160e-03
4.000000e-02 7.600000e-01 7.004160e-03
4.000000e-02 7.800000e-01 6.589440e-03
4.000000e-02 8.000000e-01 6.144000e-03
4.000000e-02 8.200000e-01 5.667840e-03
4.000000e-02 8.400000e-01 5.160960e-03
4.000000e-02 8.600000e-01 4.623360e-03
4.000000e-02 8.800000e-01 4.055040e-03
4.000000e-02 9.000000e-01 3.456000e-03
4.000000e-02 9.200000e-01 2.826240e-03
4.000000e-02 9.400000e-01 2.165760e-03
4.000000e-02 9.600000e-01 1.474560e-03
4.000000e-02 9.800000e-01 7.526400e-04

6.000000e-02 2.000000e-02 1.105440e-03
6.000000e-02 4.000000e-02 2.165760e-03
6.000000e-02 6.000000e-02 3.180960e-03
6.000000e-02 8.000000e-02 4.151040e-03
6.000000e-02 1.000000e-01 5.076000e-03
6.000000e-02 1.200000e-01 5.955840e-03
6.000000e-02 1.400000e-01 6.790560e-03
6.000000e-02 1.600000e-01 7.580160e-03
6.000000e-02 1.800000e-01 8.324640e-03
6.000000e-02 2.000000e-01 9.024000e-03
6.000000e-02 2.200000e-01 9.678240e-03
6.000000e-02 2.400000e-01 1.028736e-02
6.000000e-02 2.600000e-01 1.085136e-02
6.000000e-02 2.800000e-01 1.137024e-02
6.000000e-02 3.000000e-01 1.184400e-02
6.000000e-02 3.200000e-01 1.227264e-02
6.000000e-02 3.400000e-01 1.265616e-02
6.000000e-02 3.600000e-01 1.299456e-02
6.000000e-02 3.800000e-01 1.328784e-02
6.000000e-02 4.000000e-01 1.353600e-02
6.000000e-02 4.200000e-01 1.373904e-02
6.000000e-02 4.400000e-01 1.389696e-02
6.000000e-02 4.600000e-01 1.400976e-02
6.000000e-02 4.800000e-01 1.407744e-02
6.000000e-02 5.000000e-01 1.410000e-02
6.000000e-02 5.200000e-01 1.407744e-02
6.000000e-02 5.400000e-01 1.400976e-02
6.000000e-02 5.600000e-01 1.389696e-02
6.000000e-02 5.800000e-01 1.373904e-02
6.000000e-02 6.000000e-01 1.353600e-02
6.000000e-02 6.200000e-01 1.328784e-02
6.000000e-02 6.400000e-01 1.299456e-02
6.000000e-02 6.600000e-01 1.265616e-02
6.000000e-02 6.800000e-01 1.227264e-02
6.000000e-02 7.000000e-01 1.184400e-02
6.000000e-02 7.200000e-01 1.137024e-02
6.000000e-02 7.400000e-01 1.085136e-02
6.000000e-02 7.600000e-01 1.028736e-02
6.000000e-02 7.800000e-01 9.678240e-03
6.000000e-02 8.000000e-01 9.024000e-03
6.000000e-02 8.200000e-01 8.324640e-03
6.000000e-02 8.400000e-01 7.580160e-03
6.000000e-02 8.600000e-01 6.790560e-03
6.000000e-02 8.800000e-01 5.955840e-03
6.000000e-02 9.000000e-01 5.076000e-03
6.000000e-02 9.200000e-01 4.151040e-03
6.000000e-02 9.400000e-01 3.180960e-03
6.000000e-02 9.600000e-01 2.165760e-03
6.000000e-02 9.800000e-01 1.105440e-03

8.000000e-02 2.000000e-02 1.442560e-03
8.000000e-02 4.000000e-02 2.826240e-03
8.000000e-02 6.000000e-02 4.151040e-03
8.000000e-02 8.000000e-02 5.416960e-03
8.000000e-02 1.000000e-01 6.624000e-03
8.000000e-02 1.200000e-01 7.772160e-03
8.000000e-02 1.400000e-01 8.861440e-03
8.000000e-02 1.600000e-01 9.891840e-03
8.000000e-02 1.800000e-01 1.086336e-02
8.000000e-02 2.000000e-01 1.177600e-02
8.000000e-02 2.200000e-01 1.262976e-02
8.000000e-02 2.400000e-01 1.342464e-02
8.000000e-02 2.600000e-01 1.416064e-02
8.000000e-02 2.800000e-01 1.483776e-02
8.000000e-02 3.000000e-01 1.545600e-02
8.000000e-02 3.200000e-01 1.601536e-02
8.000000e-02 3.400000e-01 1.651584e-02
8.000000e-02 3.600000e-01 1.695744e-02
8.000000e-02 3.800000e-01 1.734016e-02
8.000000e-02 4.000000e-01 1.766400e-02
8.000000e-02 4.200000e-01 1.792896e-02
8.000000e-02 4.400000e-01 1.813504e-02
8.000000e-02 4.600000e-01 1.828224e-02
8.000000e-02 4.800000e-01 1.837056e-02
8.000000e-02 5.000000e-01 1.840000e-02
8.000000e-02 5.200000e-01 1.837056e-02
8.000000e-02 5.400000e-01 1.828224e-02
8.000000e-02 5.600000e-01 1.813504e-02
8.000000e-02 5.800000e-01 1.792896e-02
8.000000e-02 6.000000e-01 1.766400e-02
8.000000e-02 6.200000e-01 1.734016e-02
8.000000e-02 6.400000e-01 1.695744e-02
8.000000e-02 6.600000e-01 1.651584e-02
8.000000e-02 6.800000e-01 1.601536e-02
8.000000e-02 7.000000e-01 1.545600e-02
8.000000e-02 7.200000e-01 1.483776e-02
8.000000e-02 7.400000e-01 1.416064e-02
8.000000e-02 7.600000e-01 1.342464e-02
8.000000e-02 7.800000e-01 1.262976e-02
8.000000e-02 8.000000e-01 1.177600e-02
8.000000e-02 8.200000e-01 1.086336e-02
8.000000e-02 8.400000e-01 9.891840e-03
8.000000e-02 8.600000e-01 8.861440e-03
8.000000e-02 8.800000e-01 7.772160e-03
8.000000e-02 9.000000e-01 6.624000e-03
8.000000e-02 9.200000e-01 5.416960e-03
8.000000e-02 9.400000e-01 4.151040e-03
8.000000e-02 9.600000e-01 2.826240e-03
8.000000e-02 9.800000e-01 1.442560e-03

1.000000e-01 2.000000e-02 1.764000e-03
1.000000e-01 4.000000e-02 3.456000e-03
1.000000e-01 6.000000e-02 5.076000e-03
1.000000e-01 8.000000e-02 6.624000e-03
1.000000e-01 1.000000e-01 8.100000e-03
1.000000e-01 1.200000e-01 9.504000e-03
1.000000e-01 1.400000e-01 1.083600e-02
1.000000e-01 1.600000e-01 1.209600e-02
1.000000e-01 1.800000e-01 1.328400e-02
1.000000e-01 2.000000e-01 1.440000e-02
1.000000e-01 2.200000e-01 1.544400e-02
1.000000e-01 2.400000e-01 1.641600e-02
1.000000e-01 2.600000e-01 1.731600e-02
1.000000e-01 2.800000e-01 1.814400e-02
1.000000e-01 3.000000e-01 1.890000e-02
1.000000e-01 3.200000e-01 1.958400e-02
1.000000e-01 3.400000e-01 2.019600e-02
1.000000e-01 3.600000e-01 2.073600e-02
1.000000e-01 3.800000e-01 2.120400e-02
1.000000e-01 4.000000e-01 2.160000e-02
1.000000e-01 4.200000e-01 2.192400e-02
1.000000e-01 4.400000e-01 2.217600e-02
1.000000e-01 4.600000e-01 2.235600e-02
1.000000e-01 4.800000e-01 2.246400e-02
1.000000e-01 5.000000e-01 2.250000e-02
1.000000e-01 5.200000e-01 2.246400e-02
1.000000e-01 5.400000e-01 2.235600e-02
1.000000e-01 5.600000e-01 2.217600e-02
1.000000e-01 5.800000e-01 2.192400e-02
1.000000e-01 6.000000e-01 2.160000e-02
1.000000e-01 6.200000e-01 2.120400e-02
1.000000e-01 6.400000e-01 2.073600e-02
1.000000e-01 6.600000e-01 2.019600e-02
1.000000e-01 6.800000e-01 1.958400e-02
1.000000e-01 7.000000e-01 1.890000e-02
1.000000e-01 7.200000e-01 1.814400e-02
1.000000e-01 7.400000e-01 1.731600e-02
1.000000e-01 7.600000e-01 1.641600e-02
1.000000e-01 7.800000e-01 1.544400e-02
1.000000e-01 8.000000e-01 1.440000e-02
1.000000e-01 8.200000e-01 1.328400e-02
1.000000e-01 8.400000e-01 1.209600e-02
1.000000e-01 8.600000e-01 1.083600e-02
1.000000e-01 8.800000e-01 9.504000e-03
1.000000e-01 9.000000e-01 8.100000e-03
1.000000e-01 9.200000e-01 6.624000e-03
1.000000e-01 9.400000e-01 5.076000e-03
1.000000e-01 9.600000e-01 3.456000e-03
1.000000e-01 9.800000e-01 1.764000e-03

1.200000e-01 2.000000e-02 2.069760e-03
1.200000e-01 4.000000e-02 4.055040e-03
1.200000e-01 6.000000e-02 5.955840e-03
1.200000e-01 8.000000e-02 7.772160e-03
1.200000e-01 1.000000e-01 9.504000e-03
1.200000e-01 1.200000e-01 1.115136e-02
1.200000e-01 1.400000e-01 1.271424e-02
1.200000e-01 1.600000e-01 1.419264e-02
1.200000e-01 1.800000e-01 1.558656e-02
1.200000e-01 2.000000e-01 1.689600e-02
1.200000e-01 2.200000e-01 1.812096e-02
1.200000e-01 2.400000e-01 1.926144e-02
1.200000e-01 2.600000e-01 2.031744e-02
1.200000e-01 2.800000e-01 2.128896e-02
1.200000e-01 3.000000e-01 2.217600e-02
1.200000e-01 3.200000e-01 2.297856e-02
1.200000e-01 3.400000e-01 2.369664e-02
1.200000e-01 3.600000e-01 2.433024e-02
1.200000e-01 3.800000e-01 2.487936e-02
1.200000e-01 4.000000e-01 2.534400e-02
1.200000e-01 4.200000e-01 2.572416e-02
1.200000e-01 4.400000e-01 2.601984e-02
1.200000e-01 4.600000e-01 2.623104e-02
1.200000e-01 4.800000e-01 2.635776e-02
1.200000e-01 5.000000e-01 2.640000e-02
1.200000e-01 5.200000e-01 2.635776e-02
1.200000e-01 5.400000e-01 2.623104e-02
1.200000e-01 5.600000e-01 2.601984e-02
1.200000e-01 5.800000e-01 2.572416e-02
1.200000e-01 6.000000e-01 2.534400e-02
1.200000e-01 6.200000e-01 2.487936e-02
1.200000e-01 6.400000e-01 2.433024e-02
1.200000e-01 6.600000e-01 2.369664e-02
1.200000e-01 6.800000e-01 2.297856e-02
1.200000e-01 7.000000e-01 2.217600e-02
1.200000e-01 7.200000e-01 2.128896e-02
1.200000e-01 7.400000e-01 2.031744e-02
1.200000e-01 7.600000e-01 1.926144e-02
1.200000e-01 7.800000e-01 1.812096e-02
1.200000e-01 8.000000e-01 1.689600e-02
1.200000e-01 8.200000e-01 1.558656e-02
1.200000e-01 8.400000e-01 1.419264e-02
1.200000e-01 8.600000e-01 1.271424e-02
1.200000e-01 8.800000e-01 1.115136e-02
1.200000e-01 9.000000e-01 9.504000e-03
1.200000e-01 9.200000e-01 7.772160e-03
1.200000e-01 9.400000e-01 5.955840e-03
1.200000e-01 9.600000e-01 4.055040e-03
1.200000e-01 9.800000e-01 2.069760e-03

1.400000e-01 2.000000e-02 2.359840e-03
1.400000e-01 4.000000e-02 4.623360e-03
1.400000e-01 6.000000e-02 6.790560e-03
1.400000e-01 8.000000e-02 8.861440e-03
1.400000e-01 1.000000e-01 1.083600e-02
1.400000e-01 1.200000e-01 1.271424e-02
1.400000e-01 1.400000e-01 1.449616e-02
1.400000e-01 1.600000e-01 1.618176e-02
1.400000e-01 1.800000e-01 1.777104e-02
1.400000e-01 2.000000e-01 1.926400e-02
1.400000e-01 2.200000e-01 2.066064e-02
1.400000e-01 2.400000e-01 2.196096e-02
1.400000e-01 2.600000e-01 2.316496e-02
1.400000e-01 2.800000e-01 2.427264e-02
1.400000e-01 3.000000e-01 2.528400e-02
1.400000e-01 3.200000e-01 2.619904e-02
1.400000e-01 3.400000e-01 2.701776e-02
1.400000e-01 3.600000e-01 2.774016e-02
1.400000e-01 3.800000e-01 2.836624e-02
1.400000e-01 4.000000e-01 2.889600e-02
1.400000e-01 4.200000e-01 2.932944e-02
1.400000e-01 4.400000e-01 2.966656e-02
1.400000e-01 4.600000e-01 2.990736e-02
1.400000e-01 4.800000e-01 3.005184e-02
1.400000e-01 5.000000e-01 3.010000e-02
1.400000e-01 5.200000e-01 3.005184e-02
1.400000e-01 5.400000e-01 2.990736e-02
1.400000e-01 5.600000e-01 2.966656e-02
1.400000e-01 5.800000e-01 2.932944e-02
1.400000e-01 6.000000e-01 2.889600e-02
1.400000e-01 6.200000e-01 2.836624e-02
1.400000e-01 6.400000e-01 2.774016e-02
1.400000e-01 6.600000e-01 2.701776e-02
1.400000e-01 6.800000e-01 2.619904e-02
1.400000e-01 7.000000e-01 2.528400e-02
1.400000e-01 7.200000e-01 2.427264e-02
1.400000e-01 7.400000e-01 2.316496e-02
1.400000e-01 7.600000e-01 2.196096e-02
1.400000e-01 7.800000e-01 2.066064e-02
1.400000e-01 8.000000e-01 1.926400e-02
1.400000e-01 8.200000e-01 1.777104e-02
1.400000e-01 8.400000e-01 1.618176e-02
1.400000e-01 8.600000e-01 1.449616e-02
1.400000e-01 8.800000e-01 1.271424e-02
1.400000e-01 9.000000e-01 1.083600e-02
1.400000e-01 9.200000e-01 8.861440e-03
1.400000e-01 9.400000e-01 6.790560e-03
1.400000e-01 9.600000e-01 4.623360e-03
1.400000e-01 9.800000e-01 2.359840e-03

1.600000e-01 2.000000e-02 2.634240e-03
1.600000e-01 4.000000e-02 5.160960e-03
1.600000e-01 6.000000e-02 7.580160e-03
1.600000e-01 8.000000e-02 9.891840e-03
1.600000e-01 1.000000e-01 1.209600e-02
1.600000e-01 1.200000e-01 1.419264e-02
1.600000e-01 1.400000e-01 1.618176e-02
1.600000e-01 1.600000e-01 1.806336e-02
1.600000e-01 1.800000e-01 1.983744e-02
1.600000e-01 2.000000e-01 2.150400e-02
1.600000e-01 2.200000e-01 2.306304e-02
1.600000e-01 2.400000e-01 2.451456e-02
1.600000e-01 2.600000e-01 2.585856e-02
1.600000e-01 2.800000e-01 2.709504e-02
1.600000e-01 3.000000e-01 2.822400e-02
1.600000e-01 3.200000e-01 2.924544e-02
1.600000e-01 3.400000e-01 3.015936e-02
1.600000e-01 3.600000e-01 3.096576e-02
1.600000e-01 3.800000e-01 3.166464e-02
1.600000e-01 4.000000e-01 3.225600e-02
1.600000e-01 4.200000e-01 3.273984e-02
1.600000e-01 4.400000e-01 3.311616e-02
1.600000e-01 4.600000e-01 3.338496e-02
1.600000e-01 4.800000e-01 3.354624e-02
1.600000e-01 5.000000e-01 3.360000e-02
1.600000e-01 5.200000e-01 3.354624e-02
1.600000e-01 5.400000e-01 3.338496e-02
1.600000e-01 5.600000e-01 3.311616e-02
1.600000e-01 5.800000e-01 3.273984e-02
1.600000e-01 6.000000e-01 3.225600e-02
1.600000e-01 6.200000e-01 3.166464e-02
1.600000e-01 6.400000e-01 3.096576e-02
1.600000e-01 6.600000e-01 3.015936e-02
1.600000e-01 6.800000e-01 2.924544e-02
1.600000e-01 7.000000e-01 2.822400e-02
1.600000e-01 7.200000e-01 2.709504e-02
1.600000e-01 7.400000e-01 2.585856e-02
1.600000e-01 7.600000e-01 2.451456e-02
1.600000e-01 7.800000e-01 2.306304e-02
1.600000e-01 8.000000e-01 2.150400e-02
1.600000e-01 8.200000e-01 1.983744e-02
1.600000e-01 8.400000e-01 1.806336e-02
1.600000e-01 8.600000e-01 1.618176e-02
1.600000e-01 8.800000e-01 1.419264e-02
1.600000e-01 9.000000e-01 1.209600e-02
1.600000e-01 9.200000e-01 9.891840e-03
1.600000e-01 9.400000e-01 7.580160e-03
1.600000e-01 9.600000e-01 5.160960e-03
1.600000e-01 9.800000e-01 2.634240e-03

1.800000e-01 2.000000e-02 2.892960e-03
1.800000e-01 4.000000e-02 5.667840e-03
1.800000e-01 6.000000e-02 8.324640e-03
1.800000e-01 8.000000e-02 1.086336e-02
1.800000e-01 1.000000e-01 1.328400e-02
1.800000e-01 1.200000e-01 1.558656e-02
1.800000e-01 1.400000e-01 1.777104e-02
1.800000e-01 1.600000e-01 1.983744e-02
1.800000e-01 1.800000e-01 2.178576e-02
1.800000e-01 2.000000e-01 2.361600e-02
1.800000e-01 2.200000e-01 2.532816e-02
1.800000e-01 2.400000e-01 2.692224e-02
1.800000e-01 2.600000e-01 2.839824e-02
1.800000e-01 2.800000e-01 2.975616e-02
1.800000e-01 3.000000e-01 3.099600e-02
1.800000e-01 3.200000e-01 3.211776e-02
1.800000e-01 3.400000e-01 3.312144e-02
1.800000e-01 3.600000e-01 3.400704e-02
1.800000e-01 3.800000e-01 3.477456e-02
1.800000e-01 4.000000e-01 3.542400e-02
1.800000e-01 4.200000e-01 3.595536e-02
1.800000e-01 4.400000e-01 3.636864e-02
1.800000e-01 4.600000e-01 3.666384e-02
1.800000e-01 4.800000e-01 3.684096e-02
1.800000e-01 5.000000e-01 3.690000e-02
1.800000e-01 5.200000e-01 3.684096e-02
1.800000e-01 5.400000e-01 3.666384e-02
1.800000e-01 5.600000e-01 3.636864e-02
1.800000e-01 5.800000e-01 3.595536e-02
1.800000e-01 6.000000e-01 3.542400e-02
1.800000e-01 6.200000e-01 3.477456e-02
1.800000e-01 6.400000e-01 3.400704e-02
1.800000e-01 6.600000e-01 3.312144e-02
1.800000e-01 6.800000e-01 3.211776e-02
1.800000e-01 7.000000e-01 3.099600e-02
1.800000e-01 7.200000e-01 2.975616e-02
1.800000e-01 7.400000e-01 2.839824e-02
1.800000e-01 7.600000e-01 2.692224e-02
1.800000e-01 7.800000e-01 2.532816e-02
1.800000e-01 8.000000e-01 2.361600e-02
1.800000e-01 8.200000e-01 2.178576e-02
1.800000e-01 8.400000e-01 1.983744e-02
1.800000e-01 8.600000e-01 1.777104e-02
1.800000e-01 8.800000e-01 1.558656e-02
1.800000e-01 9.000000e-01 1.328400e-02
1.800000e-01 9.200000e-01 1.086336e-02
1.800000e-01 9.400000e-01 8.324640e-03
1.800000e-01 9.600000e-01 5.667840e-03
1.800000e-01 9.800000e-01 2.892960e-03

2.000000e-01 2.000000e-02 3.136000e-03
2.000000e-01 4.000000e-02 6.144000e-03
2.000000e-01 6.000000e-02 9.024000e-03
2.000000e-01 8.000000e-02 1.177600e-02
2.000000e-01 1.000000e-01 1.440000e-02
2.000000e-01 1.200000e-01 1.689600e-02
2.000000e-01 1.400000e-01 1.926400e-02
2.000000e-01 1.600000e-01 2.150400e-02
2.000000e-01 1.800000e-01 2.361600e-02
2.000000e-01 2.000000e-01 2.560000e-02
2.000000e-01 2.200000e-01 2.745600e-02
2.000000e-01 2.400000e-01 2.918400e-02
2.000000e-01 2.600000e-01 3.078400e-02
2.000000e-01 2.800000e-01 3.225600e-02
2.000000e-01 3.000000e-01 3.360000e-02
2.000000e-01 3.200000e-01 3.481600e-02
2.000000e-01 3.400000e-01 3.590400e-02
2.000000e-01 3.600000e-01 3.686400e-02
2.000000e-01 3.800000e-01 3.769600e-02
2.000000e-01 4.000000e-01 3.840000e-02
2.000000e-01 4.200000e-01 3.897600e-02
2.000000e-01 4.400000e-01 3.942400e-02
2.000000e-01 4.600000e-01 3.974400e-02
2.000000e-01 4.800000e-01 3.993600e-02
2.000000e-01 5.000000e-01 4.000000e-02
2.000000e-01 5.200000e-01 3.993600e-02
2.000000e-01 5.400000e-01 3.974400e-02
2.000000e-01 5.600000e-01 3.942400e-02
2.000000e-01 5.800000e-01 3.897600e-02
2.000000e-01 6.000000e-01 3.840000e-02
2.000000e-01 6.200000e-01 3.769600e-02
2.000000e-01 6.400000e-01 3.686400e-02
2.000000e-01 6.600000e-01 3.590400e-02
2.000000e-01 6.800000e-01 3.481600e-02
2.000000e-01 7.000000e-01 3.360000e-02
2.000000e-01 7.200000e-01 3.225600e-02
2.000000e-01 7.400000e-01 3.078400e-02
2.000000e-01 7.600000e-01 2.918400e-02
2.000000e-01 7.800000e-01 2.745600e-02
2.000000e-01 8.000000e-01 2.560000e-02
2.000000e-01 8.200000e-01 2.361600e-02
2.000000e-01 8.400000e-01 2.150400e-02
2.000000e-01 8.600000e-01 1.926400e-02
2.000000e-01 8.800000e-01 1.689600e-02
2.000000e-01 9.000000e-01 1.440000e-02
2.000000e-01 9.200000e-01 1.177600e-02
2.000000e-01 9.400000e-01 9.024000e-03
2.000000e-01 9.600000e-01 6.144000e-03
2.000000e-01 9.800000e-01 3.136000e-03

2.200000e-01 2.000000e-02 3.363360e-03
2.200000e-01 4.000000e-02 6.589440e-03
2.200000e-01 6.000000e-02 9.678240e-03
2.200000e-01 8.000000e-02 1.262976e-02
2.200000e-01 1.000000e-01 1.544400e-02
2.200000e-01 1.200000e-01 1.812096e-02
2.200000e-01 1.400000e-01 2.066064e-02
2.200000e-01 1.600000e-01 2.306304e-02
2.200000e-01 1.800000e-01 2.532816e-02
2.200000e-01 2.000000e-01 2.745600e-02
2.200000e-01 2.200000e-01 2.944656e-02
2.200000e-01 2.400000e-01 3.129984e-02
2.200000e-01 2.600000e-01 3.301584e-02
2.200000e-01 2.800000e-01 3.459456e-02
2.200000e-01 3.000000e-01 3.603600e-02
2.200000e-01 3.200000e-01 3.734016e-02
2.200000e-01 3.400000e-01 3.850704e-02
2.200000e-01 3.600000e-01 3.953664e-02
2.200000e-01 3.800000e-01 4.042896e-02
2.200000e-01 4.000000e-01 4.118400e-02
2.200000e-01 4.200000e-01 4.180176e-02
2.200000e-01 4.400000e-01 4.228224e-02
2.200000e-01 4.600000e-01 4.262544e-02
2.200000e-01 4.800000e-01 4.283136e-02
2.200000e-01 5.000000e-01 4.290000e-02
2.200000e-01 5.200000e-01 4.283136e-02
2.200000e-01 5.400000e-01 4.262544e-02
2.200000e-01 5.600000e-01 4.228224e-02
2.200000e-01 5.800000e-01 4.180176e-02
2.200000e-01 6.000000e-01 4.118400e-02
2.200000e-01 6.200000e-01 4.042896e-02
2.200000e-01 6.400000e-01 3.953664e-02
2.200000e-01 6.600000e-01 3.850704e-02
2.200000e-01 6.800000e-01 3.734016e-02
2.200000e-01 7.000000e-01 3.603600e-02
2.200000e-01 7.200000e-01 3.459456e-02
2.200000e-01 7.400000e-01 3.301584e-02
2.200000e-01 7.600000e-01 3.129984e-02
2.200000e-01 7.800000e-01 2.944656e-02
2.200000e-01 8.000000e-01 2.745600e-02
2.200000e-01 8.200000e-01 2.532816e-02
2.200000e-01 8.400000e-01 2.306304e-02
2.200000e-01 8.600000e-01 2.066064e-02
2.200000e-01 8.800000e-01 1.812096e-02
2.200000e-01 9.000000e-01 1.544400e-02
2.200000e-01 9.200000e-01 1.262976e-02
2.200000e-01 9.400000e-01 9.678240e-03
2.200000e-01 9.600000e-01 6.589440e-03
2.200000e-01 9.800000e-01 3.363360e-03

2.400000e-01 2.000000e-02 3.575040e-03
2.400000e-01 4.000000e-02 7.004160e-03
2.400000e-01 6.000000e-02 1.028736e-02
2.400000e-01 8.000000e-02 1.342464e-02
2.400000e-01 1.000000e-01 1.641600e-02
2.400000e-01 1.200000e-01 1.926144e-02
2.400000e-01 1.400000e-01 2.196096e-02
2.400000e-01 1.600000e-01 2.451456e-02
2.400000e-01 1.800000e-01 2.692224e-02
2.400000e-01 2.000000e-01 2.918400e-02
2.400000e-01 2.200000e-01 3.129984e-02
2.400000e-01 2.400000e-01 3.326976e-02
2.400000e-01 2.600000e-01 3.509376e-02
2.400000e-01 2.800000e-01 3.677184e-02
2.400000e-01 3.000000e-01 3.830400e-02
2.400000e-01 3.200000e-01 3.969024e-02
2.400000e-01 3.400000e-01 4.093056e-02
2.400000e-01 3.600000e-01 4.202496e-02
2.400000e-01 3.800000e-01 4.297344e-02
2.400000e-01 4.000000e-01 4.377600e-02
2.400000e-01 4.200000e-01 4.443264e-02
2.400000e-01 4.400000e-01 4.494336e-02
2.400000e-01 4.600000e-01 4.530816e-02
2.400000e-01 4.800000e-01 4.552704e-02
2.400000e-01 5.000000e-01 4.560000e-02
2.400000e-01 5.200000e-01 4.552704e-02
2.400000e-01 5.400000e-01 4.530816e-02
2.400000e-01 5.600000e-01 4.494336e-02
2.400000e-01 5.800000e-01 4.443264e-02
2.400000e-01 6.000000e-01 4.377600e-02
2.400000e-01 6.200000e-01 4.297344e-02
2.400000e-01 6.400000e-01 4.202496e-02
2.400000e-01 6.600000e-01 4.093056e-02
2.400000e-01 6.800000e-01 3.969024e-02
2.400000e-01 7.000000e-01 3.830400e-02
2.400000e-01 7.200000e-01 3.677184e-02
2.400000e-01 7.400000e-01 3.509376e-02
2.400000e-01 7.600000e-01 3.326976e-02
2.400000e-01 7.800000e-01 3.129984e-02
2.400000e-01 8.000000e-01 2.918400e-02
2.400000e-01 8.200000e-01 2.692224e-02
2.400000e-01 8.400000e-01 2.451456e-02
2.400000e-01 8.600000e-01 2.196096e-02
2.400000e-01 8.800000e-01 1.926144e-02
2.400000e-01 9.000000e-01 1.641600e-02
2.400000e-01 9.200000e-01 1.342464e-02
2.400000e-01 9.400000e-01 1.028736e-02
2.400000e-01 9.600000e-01 7.004160e-03
2.400000e-01 9.800000e-01 3.575040e-03

2.600000e-01 2.000000e-02 3.771040e-03
2.600000e-01 4.000000e-02 7.388160e-03
2.600000e-01 6.000000e-02 1.085136e-02
2.600000e-01 8.000000e-02 1.416064e-02
2.600000e-01 1.000000e-01 1.731600e-02
2.600000e-01 1.200000e-01 2.031744e-02
2.600000e-01 1.400000e-01 2.316496e-02
2.600000e-01 1.600000e-01 2.585856e-02
2.600000e-01 1.800000e-01 2.839824e-02
2.600000e-01 2.000000e-01 3.078400e-02
2.600000e-01 2.200000e-01 3.301584e-02
2.600000e-01 2.400000e-01 3.509376e-02
2.600000e-01 2.600000e-01 3.701776e-02
2.600000e-01 2.800000e-01 3.878784e-02
2.600000e-01 3.000000e-01 4.040400e-02
2.600000e-01 3.200000e-01 4.186624e-02
2.600000e-01 3.400000e-01 4.317456e-02
2.600000e-01 3.600000e-01 4.432896e-02
2.600000e-01 3.800000e-01 4.532944e-02
2.600000e-01 4.000000e-01 4.617600e-02
2.600000e-01 4.200000e-01 4.686864e-02
2.600000e-01 4.400000e-01 4.740736e-02
2.600000e-01 4.600000e-01 4.779216e-02
2.600000e-01 4.800000e-01 4.802304e-02
2.600000e-01 5.000000e-01 4.810000e-02
2.600000e-01 5.200000e-01 4.802304e-02
2.600000e-01 5.400000e-01 4.779216e-02
2.600000e-01 5.600000e-01 4.740736e-02
2.600000e-01 5.800000e-01 4.686864e-02
2.600000e-01 6.000000e-01 4.617600e-02
2.600000e-01 6.200000e-01 4.532944e-02
2.600000e-01 6.400000e-01 4.432896e-02
2.600000e-01 6.600000e-01 4.317456e-02
2.600000e-01 6.800000e-01 4.186624e-02
2.600000e-01 7.000000e-01 4.040400e-02
2.600000e-01 7.200000e-01 3.878784e-02
2.600000e-01 7.400000e-01 3.701776e-02
2.600000e-01 7.600000e-01 3.509376e-02
2.600000e-01 7.800000e-01 3.301584e-02
2.600000e-01 8.000000e-01 3.078400e-02
2.600000e-01 8.200000e-01 2.839824e-02
2.600000e-01 8.400000e-01 2.585856e-02
2.600000e-01 8.600000e-01 2.316496e-02
2.600000e-01 8.800000e-01 2.031744e-02
2.600000e-01 9.000000e-01 1.731600e-02
2.600000e-01 9.200000e-01 1.416064e-02
2.600000e-01 9.400000e-01 1.085136e-02
2.600000e-01 9.600000e-01 7.388160e-03
2.600000e-01 9.800000e-01 3.771040e-03

2.800000e-01 2.000000e-02 3.951360e-03
2.800000e-01 4.000000e-02 7.741440e-03
2.800000e-01 6.000000e-02 1.137024e-02
2.800000e-01 8.000000e-02 1.483776e-02
2.800000e-01 1.000000e-01 1.814400e-02
2.800000e-01 1.200000e-01 2.128896e-02
2.800000e-01 1.400000e-01 2.427264e-02
2.800000e-01 1.600000e-01 2.709504e-02
2.800000e-01 1.800000e-01 2.975616e-02
2.800000e-01 2.000000e-01 3.225600e-02
2.800000e-01 2.200000e-01 3.459456e-02
2.800000e-01 2.400000e-01 3.677184e-02
2.800000e-01 2.600000e-01 3.878784e-02
2.800000e-01 2.800000e-01 4.064256e-02
2.800000e-01 3.000000e-01 4.233600e-02
2.800000e-01 3.200000e-01 4.386816e-02
2.800000e-01 3.400000e-01 4.523904e-02
2.800000e-01 3.600000e-01 4.644864e-02
2.800000e-01 3.800000e-01 4.749696e-02
2.800000e-01 4.000000e-01 4.838400e-02
2.800000e-01 4.200000e-01 4.910976e-02
2.800000e-01 4.400000e-01 4.967424e-02
2.800000e-01 4.600000e-01 5.007744e-02
2.800000e-01 4.800000e-01 5.031936e-02
2.800000e-01 5.000000e-01 5.040000e-02
2.800000e-01 5.200000e-01 5.031936e-02
2.800000e-01 5.400000e-01 5.007744e-02
2.800000e-01 5.600000e-01 4.967424e-02
2.800000e-01 5.800000e-01 4.910976e-02
2.800000e-01 6.000000e-01 4.838400e-02
2.800000e-01 6.200000e-01 4.749696e-02
2.800000e-01 6.400000e-01 4.644864e-02
2.800000e-01 6.600000e-01 4.523904e-02
2.800000e-01 6.800000e-01 4.386816e-02
2.800000e-01 7.000000e-01 4.233600e-02
2.800000e-01 7.200000e-01 4.064256e-02
2.800000e-01 7.400000e-01 3.878784e-02
2.800000e-01 7.600000e-01 3.677184e-02
2.800000e-01 7.800000e-01 3.459456e-02
2.800000e-01 8.000000e-01 3.225600e-02
2.800000e-01 8.200000e-01 2.975616e-02
2.800000e-01 8.400000e-01 2.709504e-02
2.800000e-01 8.600000e-01 2.427264e-02
2.800000e-01 8.800000e-01 2.128896e-02
2.800000e-01 9.000000e-01 1.814400e-02
2.800000e-01 9.200000e-01 1.483776e-02
2.800000e-01 9.400000e-01 1.137024e-02
2.800000e-01 9.600000e-01 7.741440e-03
2.800000e-01 9.800000e-01 3.951360e-03

3.000000e-01 2.000000e-02 4.116000e-03
3.000000e-01 4.000000e-02 8.064000e-03
3.000000e-01 6.000000e-02 1.184400e-02
3.000000e-01 8.000000e-02 1.545600e-02
3.000000e-01 1.000000e-01 1.890000e-02
3.000000e-01 1.200000e-01 2.217600e-02
3.000000e-01 1.400000e-01 2.528400e-02
3.000000e-01 1.600000e-01 2.822400e-02
3.000000e-01 1.800000e-01 3.099600e-02
3.000000e-01 2.000000e-01 3.360000e-02
3.000000e-01 2.200000e-01 3.603600e-02
3.000000e-01 2.400000e-01 3.830400e-02
3.000000e-01 2.600000e-01 4.040400e-02
3.000000e-01 2.800000e-01 4.233600e-02
3.000000e-01 3.000000e-01 4.410000e-02
3.000000e-01 3.200000e-01 4.569600e-02
3.000000e-01 3.400000e-01 4.712400e-02
3.000000e-01 3.600000e-01 4.838400e-02
3.000000e-01 3.800000e-01 4.947600e-02
3.000000e-01 4.000000e-01 5.040000e-02
3.000000e-01 4.200000e-01 5.115600e-02
3.000000e-01 4.400000e-01 5.174400e-02
3.000000e-01 4.600000e-01 5.216400e-02
3.000000e-01 4.800000e-01 5.241600e-02
3.000000e-01 5.000000e-01 5.250000e-02
3.000000e-01 5.200000e-01 5.241600e-02
3.000000e-01 5.400000e-01 5.216400e-02
3.000000e-01 5.600000e-01 5.174400e-02
3.000000e-01 5.800000e-01 5.115600e-02
3.000000e-01 6.000000e-01 5.040000e-02
3.000000e-01 6.200000e-01 4.947600e-02
3.000000e-01 6.400000e-01 4.838400e-02
3.000000e-01 6.600000e-01 4.712400e-02
3.000000e-01 6.800000e-01 4.569600e-02
3.000000e-01 7.000000e-01 4.410000e-02
3.000000e-01 7.200000e-01 4.233600e-02
3.000000e-01 7.400000e-01 4.040400e-02
3.000000e-01 7.600000e-01 3.830400e-02
3.000000e-01 7.800000e-01 3.603600e-02
3.000000e-01 8.000000e-01 3.360000e-02
3.000000e-01 8.200000e-01 3.099600e-02
3.000000e-01 8.400000e-01 2.822400e-02
3.000000e-01 8.600000e-01 2.528400e-02
3.000000e-01 8.800000e-01 2.217600e-02
3.000000e-01 9.000000e-01 1.890000e-02
3.000000e-01 9.200000e-01 1.545600e-02
3.000000e-01 9.400000e-01 1.184400e-02
3.000000e-01 9.600000e-01 8.064000e-03
3.000000e-01 9.800000e-01 4.116000e-03

3.200000e-01 2.000000e-02 4.264960e-03
3.200000e-01 4.000000e-02 8.355840e-03
3.200000e-01 6.000000e-02 1.227264e-02
3.200000e-01 8.000000e-02 1.601536e-02
3.200000e-01 1.000000e-01 1.958400e-02
3.200000e-01 1.200000e-01 2.297856e-02
3.200000e-01 1.400000e-01 2.619904e-02
3.200000e-01 1.600000e-01 2.924544e-02
3.200000e-01 1.800000e-01 3.211776e-02
3.200000e-01 2.000000e-01 3.481600e-02
3.200000e-01 2.200000e-01 3.734016e-02
3.200000e-01 2.400000e-01 3.969024e-02
3.200000e-01 2.600000e-01 4.186624e-02
3.200000e-01 2.800000e-01 4.386816e-02
3.200000e-01 3.000000e-01 4.569600e-02
3.200000e-01 3.200000e-01 4.734976e-02
3.200000e-01 3.400000e-01 4.882944e-02
3.200000e-01 3.600000e-01 5.013504e-02
3.200000e-01 3.800000e-01 5.126656e-02
3.200000e-01 4.000000e-01 5.222400e-02
3.200000e-01 4.200000e-01 5.300736e-02
3.200000e-01 4.400000e-01 5.361664e-02
3.200000e-01 4.600000e-01 5.405184e-02
3.200000e-01 4.800000e-01 5.431296e-02
3.200000e-01 5.000000e-01 5.440000e-02
3.200000e-01 5.200000e-01 5.431296e-02
3.200000e-01 5.400000e-01 5.405184e-02
3.200000e-01 5.600000e-01 5.361664e-02
3.200000e-01 5.800000e-01 5.300736e-02
3.200000e-01 6.000000e-01 5.222400e-02
3.200000e-01 6.200000e-01 5.126656e-02
3.200000e-01 6.400000e-01 5.013504e-02
3.200000e-01 6.600000e-01 4.882944e-02
3.200000e-01 6.800000e-01 4.734976e-02
3.200000e-01 7.000000e-01 4.569600e-02
3.200000e-01 7.200000e-01 4.386816e-02
3.200000e-01 7.400000e-01 4.186624e-02
3.200000e-01 7.600000e-01 3.969024e-02
3.200000e-01 7.800000e-01 3.734016e-02
3.200000e-01 8.000000e-01 3.481600e-02
3.200000e-01 8.200000e-01 3.211776e-02
3.200000e-01 8.400000e-01 2.924544e-02
3.200000e-01 8.600000e-01 2.619904e-02
3.200000e-01 8.800000e-01 2.297856e-02
3.200000e-01 9.000000e-01 1.958400e-02
3.200000e-01 9.200000e-01 1.601536e-02
3.200000e-01 9.400000e-01 1.227264e-02
3.200000e-01 9.600000e-01 8.355840e-03
3.200000e-01 9.800000e-01 4.264960e-03

3.400000e-01 2.000000e-02 4.398240e-03
3.400000e-01 4.000000e-02 8.616960e-03
3.400000e-01 6.000000e-02 1.265616e-02
3.400000e-01 8.000000e-02 1.651584e-02
3.400000e-01 1.000000e-01 2.019600e-02
3.400000e-01 1.200000e-01 2.369664e-02
3.400000e-01 1.400000e-01 2.701776e-02
3.400000e-01 1.600000e-01 3.015936e-02
3.400000e-01 1.800000e-01 3.312144e-02
3.400000e-01 2.000000e-01 3.590400e-02
3.400000e-01 2.200000e-01 3.850704e-02
3.400000e-01 2.400000e-01 4.093056e-02
3.400000e-01 2.600000e-01 4.317456e-02
3.400000e-01 2.800000e-01 4.523904e-02
3.400000e-01 3.000000e-01 4.712400e-02
3.400000e-01 3.200000e-01 4.882944e-02
3.400000e-01 3.400000e-01 5.035536e-02
3.400000e-01 3.600000e-01 5.170176e-02
3.400000e-01 3.800000e-01 5.286864e-02
3.400000e-01 4.000000e-01 5.385600e-02
3.400000e-01 4.200000e-01 5.466384e-02
3.400000e-01 4.400000e-01 5.529216e-02
3.400000e-01 4.600000e-01 5.574096e-02
3.400000e-01 4.800000e-01 5.601024e-02
3.400000e-01 5.000000e-01 5.610000e-02
3.400000e-01 5.200000e-01 5.601024e-02
3.400000e-01 5.400000e-01 5.574096e-02
3.400000e-01 5.600000e-01 5.529216e-02
3.400000e-01 5.800000e-01 5.466384e-02
3.400000e-01 6.000000e-01 5.385600e-02
3.400000e-01 6.200000e-01 5.286864e-02
3.400000e-01 6.400000e-01 5.170176e-02
3.400000e-01 6.600000e-01 5.035536e-02
3.400000e-01 6.800000e-01 4.882944e-02
3.400000e-01 7.000000e-01 4.712400e-02
3.400000e-01 7.200000e-01 4.523904e-02
3.400000e-01 7.400000e-01 4.317456e-02
3.400000e-01 7.600000e-01 4.093056e-02
3.400000e-01 7.800000e-01 3.850704e-02
3.400000e-01 8.000000e-01 3.590400e-02
3.400000e-01 8.200000e-01 3.312144e-02
3.400000e-01 8.400000e-01 3.015936e-02
3.400000e-01 8.600000e-01 2.701776e-02
3.400000e-01 8.800000e-01 2.369664e-02
3.400000e-01 9.000000e-01 2.019600e-02
3.400000e-01 9.200000e-01 1.651584e-02
3.400000e-01 9.400000e-01 1.265616e-02
3.400000e-01 9.600000e-01 8.616960e-03
3.400000e-01 9.800000e-01 4.398240e-03

3.600000e-01 2.000000e-02 4.515840e-03
3.600000e-01 4.000000e-02 8.847360e-03
3.600000e-01 6.000000e-02 1.299456e-02
3.600000e-01 8.000000e-02 1.695744e-02
3.600000e-01 1.000000e-01 2.073600e-02
3.600000e-01 1.200000e-01 2.433024e-02
3.600000e-01 1.400000e-01 2.774016e-02
3.600000e-01 1.600000e-01 3.096576e-02
3.600000e-01 1.800000e-01 3.400704e-02
3.600000e-01 2.000000e-01 3.686400e-02
3.600000e-01 2.200000e-01 3.953664e-02
3.600000e-01 2.400000e-01 4.202496e-02
3.600000e-01 2.600000e-01 4.432896e-02
3.600000e-01 2.800000e-01 4.644864e-02
3.600000e-01 3.000000e-01 4.838400e-02
3.600000e-01 3.200000e-01 5.013504e-02
3.600000e-01 3.400000e-01 5.170176e-02
3.600000e-01 3.600000e-01 5.308416e-02
3.600000e-01 3.800000e-01 5.428224e-02
3.600000e-01 4.000000e-01 5.529600e-02
3.600000e-01 4.200000e-01 5.612544e-02
3.600000e-01 4.400000e-01 5.677056e-02
3.600000e-01 4.600000e-01 5.723136e-02
3.600000e-01 4.800000e-01 5.750784e-02
3.600000e-01 5.000000e-01 5.760000e-02
3.600000e-01 5.200000e-01 5.750784e-02
3.600000e-01 5.400000e-01 5.723136e-02
3.600000e-01 5.600000e-01 5.677056e-02
3.600000e-01 5.800000e-01 5.612544e-02
3.600000e-01 6.000000e-01 5.529600e-02
3.600000e-01 6.200000e-01 5.428224e-02
3.600000e-01 6.400000e-01 5.308416e-02
3.600000e-01 6.600000e-01 5.170176e-02
3.600000e-01 6.800000e-01 5.013504e-02
3.600000e-01 7.000000e-01 4.838400e-02
3.600000e-01 7.200000e-01 4.644864e-02
3.600000e-01 7.400000e-01 4.432896e-02
3.600000e-01 7.600000e-01 4.202496e-02
3.600000e-01 7.800000e-01 3.953664e-02
3.600000e-01 8.000000e-01 3.686400e-02
3.600000e-01 8.200000e-01 3.400704e-02
3.600000e-01 8.400000e-01 3.096576e-02
3.600000e-01 8.600000e-01 2.774016e-02
3.600000e-01 8.800000e-01 2.433024e-02
3.600000e-01 9.000000e-01 2.073600e-02
3.600000e-01 9.200000e-01 1.695744e-02
3.600000e-01 9.400000e-01 1.299456e-02
3.600000e-01 9.600000e-01 8.847360e-03
3.600000e-01 9.800000e-01 4.515840e-03

3.800000e-01 2.000000e-02 4.617760e-03
3.800000e-01 4.000000e-02 9.047040e-03
3.800000e-01 6.000000e-02 1.328784e-02
3.800000e-01 8.000000e-02 1.734016e-02
3.800000e-01 1.000000e-01 2.120400e-02
3.800000e-01 1.200000e-01 2.487936e-02
3.800000e-01 1.400000e-01 2.836624e-02
3.800000e-01 1.600000e-01 3.166464e-02
3.800000e-01 1.800000e-01 3.477456e-02
3.800000e-01 2.000000e-01 3.769600e-02
3.800000e-01 2.200000e-01 4.042896e-02
3.800000e-01 2.400000e-01 4.297344e-02
3.800000e-01 2.600000e-01 4.532944e-02
3.800000e-01 2.800000e-01 4.749696e-02
3.800000e-01 3.000000e-01 4.947600e-02
3.800000e-01 3.200000e-01 5.126656e-02
3.800000e-01 3.400000e-01 5.286864e-02
3.800000e-01 3.600000e-01 5.428224e-02
3.800000e-01 3.800000e-01 5.550736e-02
3.800000e-01 4.000000e-01 5.654400e-02
3.800000e-01 4.200000e-01 5.739216e-02
3.800000e-01 4.400000e-01 5.805184e-02
3.800000e-01 4.600000e-01 5.852304e-02
3.800000e-01 4.800000e-01 5.880576e-02
3.800000e-01 5.000000e-01 5.890000e-02
3.800000e-01 5.200000e-01 5.880576e-02
3.800000e-01 5.400000e-01 5.852304e-02
3.800000e-01 5.600000e-01 5.805184e-02
3.800000e-01 5.800000e-01 5.739216e-02
3.800000e-01 6.000000e-01 5.654400e-02
3.800000e-01 6.200000e-01 5.550736e-02
3.800000e-01 6.400000e-01 5.428224e-02
3.800000e-01 6.600000e-01 5.286864e-02
3.800000e-01 6.800000e-01 5.126656e-02
3.800000e-01 7.000000e-01 4.947600e-02
3.800000e-01 7.200000e-01 4.749696e-02
3.800000e-01 7.400000e-01 4.532944e-02
3.800000e-01 7.600000e-01 4.297344e-02
3.800000e-01 7.800000e-01 4.042896e-02
3.800000e-01 8.000000e-01 3.769600e-02
3.800000e-01 8.200000e-01 3.477456e-02
3.800000e-01 8.400000e-01 3.166464e-02
3.800000e-01 8.600000e-01 2.836624e-02
3.800000e-01 8.800000e-01 2.487936e-02
3.800000e-01 9.000000e-01 2.120400e-02
3.800000e-01 9.200000e-01 1.734016e-02
3.800000e-01 9.400000e-01 1.328784e-02
3.800000e-01 9.600000e-01 9.047040e-03
3.800000e-01 9.800000e-01 4.617760e-03

4.000000e-01 2.000000e-02 4.704000e-03
4.000000e-01 4.000000e-02 9.216000e-03
4.000000e-01 6.000000e-02 1.353600e-02
4.000000e-01 8.000000e-02 1.766400e-02
4.000000e-01 1.000000e-01 2.160000e-02
4.000000e-01 1.200000e-01 2.534400e-02
4.000000e-01 1.400000e-01 2.889600e-02
4.000000e-01 1.600000e-01 3.225600e-02
4.000000e-01 1.800000e-01 3.542400e-02
4.000000e-01 2.000000e-01 3.840000e-02
4.000000e-01 2.200000e-01 4.118400e-02
4.000000e-01 2.400000e-01 4.377600e-02
4.000000e-01 2.600000e-01 4.617600e-02
4.000000e-01 2.800000e-01 4.838400e-02
4.000000e-01 3.000000e-01 5.040000e-02
4.000000e-01 3.200000e-01 5.222400e-02
4.000000e-01 3.400000e-01 5.385600e-02
4.000000e-01 3.600000e-01 5.529600e-02
4.000000e-01 3.800000e-01 5.654400e-02
4.000000e-01 4.000000e-01 5.760000e-02
4.000000e-01 4.200000e-01 5.846400e-02
4.000000e-01 4.400000e-01 5.913600e-02
4.000000e-01 4.600000e-01 5.961600e-02
4.000000e-01 4.800000e-01 5.990400e-02
4.000000e-01 5.000000e-01 6.000000e-02
4.000000e-01 5.200000e-01 5.990400e-02
4.000000e-01 5.400000e-01 5.961600e-02
4.000000e-01 5.600000e-01 5.913600e-02
4.000000e-01 5.800000e-01 5.846400e-02
4.000000e-01 6.000000e-01 5.760000e-02
4.000000e-01 6.200000e-01 5.654400e-02
4.000000e-01 6.400000e-01 5.529600e-02
4.000000e-01 6.600000e-01 5.385600e-02
4.000000e-01 6.800000e-01 5.222400e-02
4.000000e-01 7.000000e-01 5.040000e-02
4.000000e-01 7.200000e-01 4.838400e-02
4.000000e-01 7.400000e-01 4.617600e-02
4.000000e-01 7.600000e-01 4.377600e-02
4.000000e-01 7.800000e-01 4.118400e-02
4.000000e-01 8.000000e-01 3.840000e-02
4.000000e-01 8.200000e-01 3.542400e-02
4.000000e-01 8.400000e-01 3.225600e-02
4.000000e-01 8.600000e-01 2.889600e-02
4.000000e-01 8.800000e-01 2.534400e-02
4.000000e-01 9.000000e-01 2.160000e-02
4.000000e-01 9.200000e-01 1.766400e-02
4.000000e-01 9.400000e-01 1.353600e-02
4.000000e-01 9.600000e-01 9.216000e-03
4.000000e-01 9.800000e-01 4.704000e-03

4.200000e-01 2.000000e-02 4.774560e-03
4.200000e-01 4.000000e-02 9.354240e-03
4.200000e-01 6.000000e-02 1.373904e-02
4.200000e-01 8.000000e-02 1.792896e-02
4.200000e-01 1.000000e-01 2.192400e-02
4.200000e-01 1.200000e-01 2.572416e-02
4.200000e-01 1.400000e-01 2.932944e-02
4.200000e-01 1.600000e-01 3.273984e-02
4.200000e-01 1.800000e-01 3.595536e-02
4.200000e-01 2.000000e-01 3.897600e-02
4.200000e-01 2.200000e-01 4.180176e-02
4.200000e-01 2.400000e-01 4.443264e-02
4.200000e-01 2.600000e-01 4.686864e-02
4.200000e-01 2.800000e-01 4.910976e-02
4.200000e-01 3.000000e-01 5.115600e-02
4.200000e-01 3.200000e-01 5.300736e-02
4.200000e-01 3.400000e-01 5.466384e-02
4.200000e-01 3.600000e-01 5.612544e-02
4.200000e-01 3.800000e-01 5.739216e-02
4.200000e-01 4.000000e-01 5.846400e-02
4.200000e-01 4.200000e-01 5.934096e-02
4.200000e-01 4.400000e-01 6.002304e-02
4.200000e-01 4.600000e-01 6.051024e-02
4.200000e-01 4.800000e-01 6.080256e-02
4.200000e-01 5.000000e-01 6.090000e-02
4.200000e-01 5.200000e-01 6.080256e-02
4.200000e-01 5.400000e-01 6.051024e-02
4.200000e-01 5.600000e-01 6.002304e-02
4.200000e-01 5.800000e-01 5.934096e-02
4.200000e-01 6.000000e-01 5.846400e-02
4.200000e-01 6.200000e-01 5.739216e-02
4.200000e-01 6.400000e-01 5.612544e-02
4.200000e-01 6.600000e-01 5.466384e-02
4.200000e-01 6.800000e-01 5.300736e-02
4.200000e-01 7.000000e-01 5.115600e-02
4.200000e-01 7.200000e-01 4.910976e-02
4.200000e-01 7.400000e-01 4.686864e-02
4.200000e-01 7.600000e-01 4.443264e-02
4.200000e-01 7.800000e-01 4.180176e-02
4.200000e-01 8.000000e-01 3.897600e-02
4.200000e-01 8.200000e-01 3.595536e-02
4.200000e-01 8.400000e-01 3.273984e-02
4.200000e-01 8.600000e-01 2.932944e-02
4.200000e-01 8.800000e-01 2.572416e-02
4.200000e-01 9.000000e-01 2.192400e-02
4.200000e-01 9.200000e-01 1.792896e-02
4.200000e-01 9.400000e-01 1.373904e-02
4.200000e-01 9.600000e-01 9.354240e-03
4.200000e-01 9.800000e-01 4.774560e-03

4.400000e-01 2.000000e-02 4.829440e-03
4.400000e-01 4.000000e-02 9.461760e-03
4.400000e-01 6.000000e-02 1.389696e-02
4.400000e-01 8.000000e-02 1.813504e-02
4.400000e-01 1.000000e-01 2.217600e-02
4.400000e-01 1.200000e-01 2.601984e-02
4.400000e-01 1.400000e-01 2.966656e-02
4.400000e-01 1.600000e-01 3.311616e-02
4.400000e-01 1.800000e-01 3.636864e-02
4.400000e-01 2.000000e-01 3.942400e-02
4.400000e-01 2.200000e-01 4.228224e-02
4.400000e-01 2.400000e-01 4.494336e-02
4.400000e-01 2.600000e-01 4.740736e-02
4.400000e-01 2.800000e-01 4.967424e-02
4.400000e-01 3.000000e-01 5.174400e-02
4.400000e-01 3.200000e-01 5.361664e-02
4.400000e-01 3.400000e-01 5.529216e-02
4.400000e-01 3.600000e-01 5.677056e-02
4.400000e-01 3.800000e-01 5.805184e-02
4.400000e-01 4.000000e-01 5.913600e-02
4.400000e-01 4.200000e-01 6.002304e-02
4.400000e-01 4.400000e-01 6.071296e-02
4.400000e-01 4.600000e-01 6.120576e-02
4.400000e-01 4.800000e-01 6.150144e-02
4.400000e-01 5.000000e-01 6.160000e-02
4.400000e-01 5.200000e-01 6.150144e-02
4.400000e-01 5.400000e-01 6.120576e-02
4.400000e-01 5.600000e-01 6.071296e-02
4.400000e-01 5.800000e-01 6.002304e-02
4.400000e-01 6.000000e-01 5.913600e-02
4.400000e-01 6.200000e-01 5.805184e-02
4.400000e-01 6.400000e-01 5.677056e-02
4.400000e-01 6.600000e-01 5.529216e-02
4.400000e-01 6.800000e-01 5.361664e-02
4.400000e-01 7.000000e-01 5.174400e-02
4.400000e-01 7.200000e-01 4.967424e-02
4.400000e-01 7.400000e-01 4.740736e-02
4.400000e-01 7.600000e-01 4.494336e-02
4.400000e-01 7.800000e-01 4.228224e-02
4.400000e-01 8.000000e-01 3.942400e-02
4.400000e-01 8.200000e-01 3.636864e-02
4.400000e-01 8.400000e-01 3.311616e-02
4.400000e-01 8.600000e-01 2.966656e-02
4.400000e-01 8.800000e-01 2.601984e-02
4.400000e-01 9.000000e-01 2.217600e-02
4.400000e-01 9.200000e-01 1.813504e-02
4.400000e-01 9.400000e-01 1.389696e-02
4.400000e-01 9.600000e-01 9.461760e-03
4.400000e-01 9.800000e-01 4.829440e-03

4.600000e-01 2.000000e-02 4.868640e-03
4.600000e-01 4.000000e-02 9.538560e-03
4.600000e-01 6.000000e-02 1.400976e-02
4.600000e-01 8.000000e-02 1.828224e-02
4.600000e-01 1.000000e-01 2.235600e-02
4.600000e-01 1.200000e-01 2.623104e-02
4.600000e-01 1.400000e-01 2.990736e-02
4.600000e-01 1.600000e-01 3.338496e-02
4.600000e-01 1.800000e-01 3.666384e-02
4.600000e-01 2.000000e-01 3.974400e-02
4.600000e-01 2.200000e-01 4.262544e-02
4.600000e-01 2.400000e-01 4.530816e-02
4.600000e-01 2.600000e-01 4.779216e-02
4.600000e-01 2.800000e-01 5.007744e-02
4.600000e-01 3.000000e-01 5.216400e-02
4.600000e-01 3.200000e-01 5.405184e-02
4.600000e-01 3.400000e-01 5.574096e-02
4.600000e-01 3.600000e-01 5.723136e-02
4.600000e-01 3.800000e-01 5.852304e-02
4.600000e-01 4.000000e-01 5.961600e-02
4.600000e-01 4.200000e-01 6.051024e-02
4.600000e-01 4.400000e-01 6.120576e-02
4.600000e-01 4.600000e-01 6.170256e-02
4.600000e-01 4.800000e-01 6.200064e-02
4.600000e-01 5.000000e-01 6.210000e-02
4.600000e-01 5.200000e-01 6.200064e-02
4.600000e-01 5.400000e-01 6.170256e-02
4.600000e-01 5.600000e-01 6.120576e-02
4.600000e-01 5.800000e-01 6.051024e-02
4.600000e-01 6.000000e-01 5.961600e-02
4.600000e-01 6.200000e-01 5.852304e-02
4.600000e-01 6.400000e-01 5.723136e-02
4.600000e-01 6.600000e-01 5.574096e-02
4.600000e-01 6.800000e-01 5.405184e-02
4.600000e-01 7.000000e-01 5.216400e-02
4.600000e-01 7.200000e-01 5.007744e-02
4.600000e-01 7.400000e-01 4.779216e-02
4.600000e-01 7.600000e-01 4.530816e-02
4.600000e-01 7.800000e-01 4.262544e-02
4.600000e-01 8.000000e-01 3.974400e-02
4.600000e-01 8.200000e-01 3.666384e-02
4.600000e-01 8.400000e-01 3.338496e-02
4.600000e-01 8.600000e-01 2.990736e-02
4.600000e-01 8.800000e-01 2.623104e-02
4.600000e-01 9.000000e-01 2.235600e-02
4.600000e-01 9.200000e-01 1.828224e-02
4.600000e-01 9.400000e-01 1.400976e-02
4.600000e-01 9.600000e-01 9.538560e-03
4.600000e-01 9.800000e-01 4.868640e-03

4.800000e-01 2.000000e-02 4.892160e-03
4.800000e-01 4.000000e-02 9.584640e-03
4.800000e-01 6.000000e-02 1.407744e-02
4.800000e-01 8.000000e-02 1.837056e-02
4.800000e-01 1.000000e-01 2.246400e-02
4.800000e-01 1.200000e-01 2.635776e-02
4.800000e-01 1.400000e-01 3.005184e-02
4.800000e-01 1.600000e-01 3.354624e-02
4.800000e-01 1.800000e-01 3.684096e-02
4.800000e-01 2.000000e-01 3.993600e-02
4.800000e-01 2.200000e-01 4.283136e-02
4.800000e-01 2.400000e-01 4.552704e-02
4.800000e-01 2.600000e-01 4.802304e-02
4.800000e-01 2.800000e-01 5.031936e-02
4.800000e-01 3.000000e-01 5.241600e-02
4.800000e-01 3.200000e-01 5.431296e-02
4.800000e-01 3.400000e-01 5.601024e-02
4.800000e-01 3.600000e-01 5.750784e-02
4.800000e-01 3.800000e-01 5.880576e-02
4.800000e-01 4.000000e-01 5.990400e-02
4.800000e-01 4.200000e-01 6.080256e-02
4.800000e-01 4.400000e-01 6.150144e-02
4.800000e-01 4.600000e-01 6.200064e-02
4.800000e-01 4.800000e-01 6.230016e-02
4.800000e-01 5.000000e-01 6.240000e-02
4.800000e-01 5.200000e-01 6.230016e-02
4.800000e-01 5.400000e-01 6.200064e-02
4.800000e-01 5.600000e-01 6.150144e-02
4.800000e-01 5.800000e-01 6.080256e-02
4.800000e-01 6.000000e-01 5.990400e-02
4.800000e-01 6.200000e-01 5.880576e-02
4.800000e-01 6.400000e-01 5.750784e-02
4.800000e-01 6.600000e-01 5.601024e-02
4.800000e-01 6.800000e-01 5.431296e-02
4.800000e-01 7.000000e-01 5.241600e-02
4.800000e-01 7.200000e-01 5.031936e-02
4.800000e-01 7.400000e-01 4.802304e-02
4.800000e-01 7.600000e-01 4.552704e-02
4.800000e-01 7.800000e-01 4.283136e-02
4.800000e-01 8.000000e-01 3.993600e-02
4.800000e-01 8.200000e-01 3.684096e-02
4.800000e-01 8.400000e-01 3.354624e-02
4.800000e-01 8.600000e-01 3.005184e-02
4.800000e-01 8.800000e-01 2.635776e-02
4.800000e-01 9.000000e-01 2.246400e-02
4.800000e-01 9.200000e-01 1.837056e-02
4.800000e-01 9.400000e-01 1.407744e-02
4.800000e-01 9.600000e-01 9.584640e-03
4.800000e-01 9.800000e-01 4.892160e-03

5.000000e-01 2.000000e-02 4.900000e-03
5.000000e-01 4.000000e-02 9.600000e-03
5.000000e-01 6.000000e-02 1.410000e-02
5.000000e-01 8.000000e-02 1.840000e-02
5.000000e-01 1.000000e-01 2.250000e-02
5.000000e-01 1.200000e-01 2.640000e-02
5.000000e-01 1.400000e-01 3.010000e-02
5.000000e-01 1.600000e-01 3.360000e-02
5.000000e-01 1.800000e-01 3.690000e-02
5.000000e-01 2.000000e-01 4.000000e-02
5.000000e-01 2.200000e-01 4.290000e-02
5.000000e-01 2.400000e-01 4.560000e-02
5.000000e-01 2.600000e-01 4.810000e-02
5.000000e-01 2.800000e-01 5.040000e-02
5.000000e-01 3.000000e-01 5.250000e-02
5.000000e-01 3.200000e-01 5.440000e-02
5.000000e-01 3.400000e-01 5.610000e-02
5.000000e-01 3.600000e-01 5.760000e-02
5.000000e-01 3.800000e-01 5.890000e-02
5.000000e-01 4.000000e-01 6.000000e-02
5.000000e-01 4.200000e-01 6.090000e-02
5.000000e-01 4.400000e-01 6.160000e-02
5.000000e-01 4.600000e-01 6.210000e-02
5.000000e-01 4.800000e-01 6.240000e-02
5.000000e-01 5.000000e-01 6.250000e-02
5.000000e-01 5.200000e-01 6.240000e-02
5.000000e-01 5.400000e-01 6.210000e-02
5.000000e-01 5.600000e-01 6.160000e-02
5.000000e-01 5.800000e-01 6.090000e-02
5.000000e-01 6.000000e-01 6.000000e-02
5.000000e-01 6.200000e-01 5.890000e-02
5.000000e-01 6.400000e-01 5.760000e-02
5.000000e-01 6.600000e-01 5.610000e-02
5.000000e-01 6.800000e-01 5.440000e-02
5.000000e-01 7.000000e-01 5.250000e-02
5.000000e-01 7.200000e-01 5.040000e-02
5.000000e-01 7.400000e-01 4.810000e-02
5.000000e-01 7.600000e-01 4.560000e-02
5.000000e-01 7.800000e-01 4.290000e-02
5.000000e-01 8.000000e-01 4.000000e-02
5.000000e-01 8.200000e-01 3.690000e-02
5.000000e-01 8.400000e-01 3.360000e-02
5.000000e-01 8.600000e-01 3.010000e-02
5.000000e-01 8.800000e-01 2.640000e-02
5.000000e-01 9.000000e-01 2.250000e-02
5.000000e-01 9.200000e-01 1.840000e-02
5.000000e-01 9.400000e-01 1.410000e-02
5.000000e-01 9.600000e-01 9.600000e-03
5.000000e-01 9.800000e-01 4.900000e-03

5.200000e-01 2.000000e-02 4.892160e-03
5.200000e-01 4.000000e-02 9.584640e-03
5.200000e-01 6.000000e-02 1.407744e-02
5.200000e-01 8.000000e-02 1.837056e-02
5.200000e-01 1.000000e-01 2.246400e-02
5.200000e-01 1.200000e-01 2.635776e-02
5.200000e-01 1.400000e-01 3.005184e-02
5.200000e-01 1.600000e-01 3.354624e-02
5.200000e-01 1.800000e-01 3.684096e-02
5.200000e-01 2.000000e-01 3.993600e-02
5.200000e-01 2.200000e-01 4.283136e-02
5.200000e-01 2.400000e-01 4.552704e-02
5.200000e-01 2.600000e-01 4.802304e-02
5.200000e-01 2.800000e-01 5.031936e-02
5.200000e-01 3.000000e-01 5.241600e-02
5.200000e-01 3.200000e-01 5.431296e-02
5.200000e-01 3.400000e-01 5.601024e-02
5.200000e-01 3.600000e-01 5.750784e-02
5.200000e-01 3.800000e-01 5.880576e-02
5.200000e-01 4.000000e-01 5.990400e-02
5.200000e-01 4.200000e-01 6.080256e-02
5.200000e-01 4.400000e-01 6.150144e-02
5.200000e-01 4.600000e-01 6.200064e-02
5.200000e-01 4.800000e-01 6.230016e-02
5.200000e-01 5.000000e-01 6.240000e-02
5.200000e-01 5.200000e-01 6.230016e-02
5.200000e-01 5.400000e-01 6.200064e-02
5.200000e-01 5.600000e-01 6.150144e-02
5.200000e-01 5.800000e-01 6.080256e-02
5.200000e-01 6.000000e-01 5.990400e-02
5.200000e-01 6.200000e-01 5.880576e-02
5.200000e-01 6.400000e-01 5.750784e-02
5.200000e-01 6.600000e-01 5.601024e-02
5.200000e-01 6.800000e-01 5.431296e-02
5.200000e-01 7.000000e-01 5.241600e-02
5.200000e-01 7.200000e-01 5.031936e-02
5.200000e-01 7.400000e-01 4.802304e-02
5.200000e-01 7.600000e-01 4.552704e-02
5.200000e-01 7.800000e-01 4.283136e-02
5.200000e-01 8.000000e-01 3.993600e-02
5.200000e-01 8.200000e-01 3.684096e-02
5.200000e-01 8.400000e-01 3.354624e-02
5.200000e-01 8.600000e-01 3.005184e-02
5.200000e-01 8.800000e-01 2.635776e-02
5.200000e-01 9.000000e-01 2.246400e-02
5.200000e-01 9.200000e-01 1.837056e-02
5.200000e-01 9.400000e-01 1.407744e-02
5.200000e-01 9.600000e-01 9.584640e-03
5.200000e-01 9.800000e-01 4.892160e-03

5.400000e-01 2.000000e-02 4.868640e-03
5.400000e-01 4.000000e-02 9.538560e-03
5.400000e-01 6.000000e-02 1.400976e-02
5.400000e-01 8.000000e-02 1.828224e-02
5.400000e-01 1.000000e-01 2.235600e-02
5.400000e-01 1.200000e-01 2.623104e-02
5.400000e-01 1.400000e-01 2.990736e-02
5.400000e-01 1.600000e-01 3.338496e-02
5.400000e-01 1.800000e-01 3.666384e-02
5.400000e-01 2.000000e-01 3.974400e-02
5.400000e-01 2.200000e-01 4.262544e-02
5.400000e-01 2.400000e-01 4.530816e-02
5.400000e-01 2.600000e-01 4.779216e-02
5.400000e-01 2.800000e-01 5.007744e-02
5.400000e-01 3.000000e-01 5.216400e-02
5.400000e-01 3.200000e-01 5.405184e-02
5.400000e-01 3.400000e-01 5.574096e-02
5.400000e-01 3.600000e-01 5.723136e-02
5.400000e-01 3.800000e-01 5.852304e-02
5.400000e-01 4.000000e-01 5.961600e-02
5.400000e-01 4.200000e-01 6.051024e-02
5.400000e-01 4.400000e-01 6.120576e-02
5.400000e-01 4.600000e-01 6.170256e-02
5.400000e-01 4.800000e-01 6.200064e-02
5.400000e-01 5.000000e-01 6.210000e-02
5.400000e-01 5.200000e-01 6.200064e-02
5.400000e-01 5.400000e-01 6.170256e-02
5.400000e-01 5.600000e-01 6.120576e-02
5.400000e-01 5.800000e-01 6.051024e-02
5.400000e-01 6.000000e-01 5.961600e-02
5.400000e-01 6.200000e-01 5.852304e-02
5.400000e-01 6.400000e-01 5.723136e-02
5.400000e-01 6.600000e-01 5.574096e-02
5.400000e-01 6.800000e-01 5.405184e-02
5.400000e-01 7.000000e-01 5.216400e-02
5.400000e-01 7.200000e-01 5.007744e-02
5.400000e-01 7.400000e-01 4.779216e-02
5.400000e-01 7.600000e-01 4.530816e-02
5.400000e-01 7.800000e-01 4.262544e-02
5.400000e-01 8.000000e-01 3.974400e-02
5.400000e-01 8.200000e-01 3.666384e-02
5.400000e-01 8.400000e-01 3.338496e-02
5.400000e-01 8.600000e-01 2.990736e-02
5.400000e-01 8.800000e-01 2.623104e-02
5.400000e-01 9.000000e-01 2.235600e-02
5.400000e-01 9.200000e-01 1.828224e-02
5.400000e-01 9.400000e-01 1.400976e-02
5.400000e-01 9.600000e-01 9.538560e-03
5.400000e-01 9.800000e-01 4.868640e-03

5.600000e-01 2.000000e-02 4.829440e-03
5.600000e-01 4.000000e-02 9.461760e-03
5.600000e-01 6.000000e-02 1.389696e-02
5.600000e-01 8.000000e-02 1.813504e-02
5.600000e-01 1.000000e-01 2.217600e-02
5.600000e-01 1.200000e-01 2.601984e-02
5.600000e-01 1.400000e-01 2.966656e-02
5.600000e-01 1.600000e-01 3.311616e-02
5.600000e-01 1.800000e-01 3.636864e-02
5.600000e-01 2.000000e-01 3.942400e-02
5.600000e-01 2.200000e-01 4.228224e-02
5.600000e-01 2.400000e-01 4.494336e-02
5.600000e-01 2.600000e-01 4.740736e-02
5.600000e-01 2.800000e-01 4.967424e-02
5.600000e-01 3.000000e-01 5.174400e-02
5.600000e-01 3.200000e-01 5.361664e-02
5.600000e-01 3.400000e-01 5.529216e-02
5.600000e-01 3.600000e-01 5.677056e-02
5.600000e-01 3.800000e-01 5.805184e-02
5.600000e-01 4.000000e-01 5.913600e-02
5.600000e-01 4.200000e-01 6.002304e-02
5.600000e-01 4.400000e-01 6.071296e-02
5.600000e-01 4.600000e-01 6.120576e-02
5.600000e-01 4.800000e-01 6.150144e-02
5.600000e-01 5.000000e-01 6.160000e-02
5.600000e-01 5.200000e-01 6.150144e-02
5.600000e-01 5.400000e-01 6.120576e-02
5.600000e-01 5.600000e-01 6.071296e-02
5.600000e-01 5.800000e-01 6.002304e-02
5.600000e-01 6.000000e-01 5.913600e-02
5.600000e-01 6.200000e-01 5.805184e-02
5.600000e-01 6.400000e-01 5.677056e-02
5.600000e-01 6.600000e-01 5.529216e-02
5.600000e-01 6.800000e-01 5.361664e-02
5.600000e-01 7.000000e-01 5.174400e-02
5.600000e-01 7.200000e-01 4.967424e-02
5.600000e-01 7.400000e-01 4.740736e-02
5.600000e-01 7.600000e-01 4.494336e-02
5.600000e-01 7.800000e-01 4.228224e-02
5.600000e-01 8.000000e-01 3.942400e-02
5.600000e-01 8.200000e-01 3.636864e-02
5.600000e-01 8.400000e-01 3.311616e-02
5.600000e-01 8.600000e-01 2.966656e-02
5.600000e-01 8.800000e-01 2.601984e-02
5.600000e-01 9.000000e-01 2.217600e-02
5.600000e-01 9.200000e-01 1.813504e-02
5.600000e-01 9.400000e-01 1.389696e-02
5.600000e-01 9.600000e-01 9.461760e-03
5.600000e-01 9.800000e-01 4.829440e-03

5.800000e-01 2.000000e-02 4.774560e-03
5.800000e-01 4.000000e-02 9.354240e-03
5.800000e-01 6.000000e-02 1.373904e-02
5.800000e-01 8.000000e-02 1.792896e-02
5.800000e-01 1.000000e-01 2.192400e-02
5.800000e-01 1.200000e-01 2.572416e-02
5.800000e-01 1.400000e-01 2.932944e-02
5.800000e-01 1.600000e-01 3.273984e-02
5.800000e-01 1.800000e-01 3.595536e-02
5.800000e-01 2.000000e-01 3.897600e-02
5.800000e-01 2.200000e-01 4.180176e-02
5.800000e-01 2.400000e-01 4.443264e-02
5.800000e-01 2.600000e-01 4.686864e-02
5.800000e-01 2.800000e-01 4.910976e-02
5.800000e-01 3.000000e-01 5.115600e-02
5.800000e-01 3.200000e-01 5.300736e-02
5.800000e-01 3.400000e-01 5.466384e-02
5.800000e-01 3.600000e-01 5.612544e-02
5.800000e-01 3.800000e-01 5.739216e-02
5.800000e-01 4.000000e-01 5.846400e-02
5.800000e-01 4.200000e-01 5.934096e-02
5.800000e-01 4.400000e-01 6.002304e-02
5.800000e-01 4.600000e-01 6.051024e-02
5.800000e-01 4.800000e-01 6.080256e-02
5.800000e-01 5.000000e-01 6.090000e-02
5.800000e-01 5.200000e-01 6.080256e-02
5.800000e-01 5.400000e-01 6.051024e-02
5.800000e-01 5.600000e-01 6.002304e-02
5.800000e-01 5.800000e-01 5.934096e-02
5.800000e-01 6.000000e-01 5.846400e-02
5.800000e-01 6.200000e-01 5.739216e-02
5.800000e-01 6.400000e-01 5.612544e-02
5.800000e-01 6.600000e-01 5.466384e-02
5.800000e-01 6.800000e-01 5.300736e-02
5.800000e-01 7.000000e-01 5.115600e-02
5.800000e-01 7.200000e-01 4.910976e-02
5.800000e-01 7.400000e-01 4.686864e-02
5.800000e-01 7.600000e-01 4.443264e-02
5.800000e-01 7.800000e-01 4.180176e-02
5.800000e-01 8.000000e-01 3.897600e-02
5.800000e-01 8.200000e-01 3.595536e-02
5.800000e-01 8.400000e-01 3.273984e-02
5.800000e-01 8.600000e-01 2.932944e-02
5.800000e-01 8.800000e-01 2.572416e-02
5.800000e-01 9.000000e-01 2.192400e-02
5.800000e-01 9.200000e-01 1.792896e-02
5.800000e-01 9.400000e-01 1.373904e-02
5.800000e-01 9.600000e-01 9.354240e-03
5.800000e-01 9.800000e-01 4.774560e-03

6.000000e-01 2.000000e-02 4.704000e-03
6.000000e-01 4.000000e-02 9.216000e-03
6.000000e-01 6.000000e-02 1.353600e-02
6.000000e-01 8.000000e-02 1.766400e-02
6.000000e-01 1.000000e-01 2.160000e-02
6.000000e-01 1.200000e-01 2.534400e-02
6.000000e-01 1.400000e-01 2.889600e-02
6.000000e-01 1.600000e-01 3.225600e-02
6.000000e-01 1.800000e-01 3.542400e-02
6.000000e-01 2.000000e-01 3.840000e-02
6.000000e-01 2.200000e-01 4.118400e-02
6.000000e-01 2.400000e-01 4.377600e-02
6.000000e-01 2.600000e-01 4.617600e-02
6.000000e-01 2.800000e-01 4.838400e-02
6.000000e-01 3.000000e-01 5.040000e-02
6.000000e-01 3.200000e-01 5.222400e-02
6.000000e-01 3.400000e-01 5.385600e-02
6.000000e-01 3.600000e-01 5.529600e-02
6.000000e-01 3.800000e-01 5.654400e-02
6.000000e-01 4.000000e-01 5.760000e-02
6.000000e-01 4.200000e-01 5.846400e-02
6.000000e-01 4.400000e-01 5.913600e-02
6.000000e-01 4.600000e-01 5.961600e-02
6.000000e-01 4.800000e-01 5.990400e-02
6.000000e-01 5.000000e-01 6.000000e-02
6.000000e-01 5.200000e-01 5.990400e-02
6.000000e-01 5.400000e-01 5.961600e-02
6.000000e-01 5.600000e-01 5.913600e-02
6.000000e-01 5.800000e-01 5.846400e-02
6.000000e-01 6.000000e-01 5.760000e-02
6.000000e-01 6.200000e-01 5.654400e-02
6.000000e-01 6.400000e-01 5.529600e-02
6.000000e-01 6.600000e-01 5.385600e-02
6.000000e-01 6.800000e-01 5.222400e-02
6.000000e-01 7.000000e-01 5.040000e-02
6.000000e-01 7.200000e-01 4.838400e-02
6.000000e-01 7.400000e-01 4.617600e-02
6.000000e-01 7.600000e-01 4.377600e-02
6.000000e-01 7.800000e-01 4.118400e-02
6.000000e-01 8.000000e-01 3.840000e-02
6.000000e-01 8.200000e-01 3.542400e-02
6.000000e-01 8.400000e-01 3.225600e-02
6.000000e-01 8.600000e-01 2.889600e-02
6.000000e-01 8.800000e-01 2.534400e-02
6.000000e-01 9.000000e-01 2.160000e-02
6.000000e-01 9.200000e-01 1.766400e-02
6.000000e-01 9.400000e-01 1.353600e-02
6.000000e-01 9.600000e-01 9.216000e-03
6.000000e-01 9.800000e-01 4.704000e-03

6.200000e-01 2.000000e-02 4.617760e-03
6.200000e-01 4.000000e-02 9.047040e-03
6.200000e-01 6.000000e-02 1.328784e-02
6.200000e-01 8.000000e-02 1.734016e-02
6.200000e-01 1.000000e-01 2.120400e-02
6.200000e-01 1.200000e-01 2.487936e-02
6.200000e-01 1.400000e-01 2.836624e-02
6.200000e-01 1.600000e-01 3.166464e-02
6.200000e-01 1.800000e-01 3.477456e-02
6.200000e-01 2.000000e-01 3.769600e-02
6.200000e-01 2.200000e-01 4.042896e-02
6.200000e-01 2.400000e-01 4.297344e-02
6.200000e-01 2.600000e-01 4.532944e-02
6.200000e-01 2.800000e-01 4.749696e-02
6.200000e-01 3.000000e-01 4.947600e-02
6.200000e-01 3.200000e-01 5.126656e-02
6.200000e-01 3.400000e-01 5.286864e-02
6.200000e-01 3.600000e-01 5.428224e-02
6.200000e-01 3.800000e-01 5.550736e-02
6.200000e-01 4.000000e-01 5.654400e-02
6.200000e-01 4.200000e-01 5.739216e-02
6.200000e-01 4.400000e-01 5.805184e-02
6.200000e-01 4.600000e-01 5.852304e-02
6.200000e-01 4.800000e-01 5.880576e-02
6.200000e-01 5.000000e-01 5.890000e-02
6.200000e-01 5.200000e-01 5.880576e-02
6.200000e-01 5.400000e-01 5.852304e-02
6.200000e-01 5.600000e-01 5.805184e-02
6.200000e-01 5.800000e-01 5.739216e-02
6.200000e-01 6.000000e-01 5.654400e-02
6.200000e-01 6.200000e-01 5.550736e-02
6.200000e-01 6.400000e-01 5.428224e-02
6.200000e-01 6.600000e-01 5.286864e-02
6.200000e-01 6.800000e-01 5.126656e-02
6.200000e-01 7.000000e-01 4.947600e-02
6.200000e-01 7.200000e-01 4.749696e-02
6.200000e-01 7.400000e-01 4.532944e-02
6.200000e-01 7.600000e-01 4.297344e-02
6.200000e-01 7.800000e-01 4.042896e-02
6.200000e-01 8.000000e-01 3.769600e-02
6.200000e-01 8.200000e-01 3.477456e-02
6.200000e-01 8.400000e-01 3.166464e-02
6.200000e-01 8.600000e-01 2.836624e-02
6.200000e-01 8.800000e-01 2.487936e-02
6.200000e-01 9.000000e-01 2.120400e-02
6.200000e-01 9.200000e-01 1.734016e-02
6.200000e-01 9.400000e-01 1.328784e-02
6.200000e-01 9.600000e-01 9.047040e-03
6.200000e-01 9.800000e-01 4.617760e-03

6.400000e-01 2.000000e-02 4.515840e-03
6.400000e-01 4.000000e-02 8.847360e-03
6.400000e-01 6.000000e-02 1.299456e-02
6.400000e-01 8.000000e-02 1.695744e-02
6.400000e-01 1.000000e-01 2.073600e-02
6.400000e-01 1.200000e-01 2.433024e-02
6.400000e-01 1.400000e-01 2.774016e-02
6.400000e-01 1.600000e-01 3.096576e-02
6.400000e-01 1.800000e-01 3.400704e-02
6.400000e-01 2.000000e-01 3.686400e-02
6.400000e-01 2.200000e-01 3.953664e-02
6.400000e-01 2.400000e-01 4.202496e-02
6.400000e-01 2.600000e-01 4.432896e-02
6.400000e-01 2.800000e-01 4.644864e-02
6.400000e-01 3.000000e-01 4.838400e-02
6.400000e-01 3.200000e-01 5.013504e-02
6.400000e-01 3.400000e-01 5.170176e-02
6.400000e-01 3.600000e-01 5.308416e-02
6.400000e-01 3.800000e-01 5.428224e-02
6.400000e-01 4.000000e-01 5.529600e-02
6.400000e-01 4.200000e-01 5.612544e-02
6.400000e-01 4.400000e-01 5.677056e-02
6.400000e-01 4.600000e-01 5.723136e-02
6.400000e-01 4.800000e-01 5.750784e-02
6.400000e-01 5.000000e-01 5.760000e-02
6.400000e-01 5.200000e-01 5.750784e-02
6.400000e-01 5.400000e-01 5.723136e-02
6.400000e-01 5.600000e-01 5.677056e-02
6.400000e-01 5.800000e-01 5.612544e-02
6.400000e-01 6.000000e-01 5.529600e-02
6.400000e-01 6.200000e-01 5.428224e-02
6.400000e-01 6.400000e-01 5.308416e-02
6.400000e-01 6.600000e-01 5.170176e-02
6.400000e-01 6.800000e-01 5.013504e-02
6.400000e-01 7.000000e-01 4.838400e-02
6.400000e-01 7.200000e-01 4.644864e-02
6.400000e-01 7.400000e-01 4.432896e-02
6.400000e-01 7.600000e-01 4.202496e-02
6.400000e-01 7.800000e-01 3.953664e-02
6.400000e-01 8.000000e-01 3.686400e-02
6.400000e-01 8.200000e-01 3.400704e-02
6.400000e-01 8.400000e-01 3.096576e-02
6.400000e-01 8.600000e-01 2.774016e-02
6.400000e-01 8.800000e-01 2.433024e-02
6.400000e-01 9.000000e-01 2.073600e-02
6.400000e-01 9.200000e-01 1.695744e-02
6.400000e-01 9.400000e-01 1.299456e-02
6.400000e-01 9.600000e-01 8.847360e-03
6.400000e-01 9.800000e-01 4.515840e-03

6.600000e-01 2.000000e-02 4.398240e-03
6.600000e-01 4.000000e-02 8.616960e-03
6.600000e-01 6.000000e-02 1.265616e-02
6.600000e-01 8.000000e-02 1.651584e-02
6.600000e-01 1.000000e-01 2.019600e-02
6.600000e-01 1.200000e-01 2.369664e-02
6.600000e-01 1.400000e-01 2.701776e-02
6.600000e-01 1.600000e-01 3.015936e-02
6.600000e-01 1.800000e-01 3.312144e-02
6.600000e-01 2.000000e-01 3.590400e-02
6.600000e-01 2.200000e-01 3.850704e-02
6.600000e-01 2.400000e-01 4.093056e-02
6.600000e-01 2.600000e-01 4.317456e-02
6.600000e-01 2.800000e-01 4.523904e-02
6.600000e-01 3.000000e-01 4.712400e-02
6.600000e-01 3.200000e-01 4.882944e-02
6.600000e-01 3.400000e-01 5.035536e-02
6.600000e-01 3.600000e-01 5.170176e-02
6.600000e-01 3.800000e-01 5.286864e-02
6.600000e-01 4.000000e-01 5.385600e-02
6.600000e-01 4.200000e-01 5.466384e-02
6.600000e-01 4.400000e-01 5.529216e-02
6.600000e-01 4.600000e-01 5.574096e-02
6.600000e-01 4.800000e-01 5.601024e-02
6.600000e-01 5.000000e-01 5.610000e-02
6.600000e-01 5.200000e-01 5.601024e-02
6.600000e-01 5.400000e-01 5.574096e-02
6.600000e-01 5.600000e-01 5.529216e-02
6.600000e-01 5.800000e-01 5.466384e-02
6.600000e-01 6.000000e-01 5.385600e-02
6.600000e-01 6.200000e-01 5.286864e-02
6.600000e-01 6.400000e-01 5.170176e-02
6.600000e-01 6.600000e-01 5.035536e-02
6.600000e-01 6.800000e-01 4.882944e-02
6.600000e-01 7.000000e-01 4.712400e-02
6.600000e-01 7.200000e-01 4.523904e-02
6.600000e-01 7.400000e-01 4.317456e-02
6.600000e-01 7.600000e-01 4.093056e-02
6.600000e-01 7.800000e-01 3.850704e-02
6.600000e-01 8.000000e-01 3.590400e-02
6.600000e-01 8.200000e-01 3.312144e-02
6.600000e-01 8.400000e-01 3.015936e-02
6.600000e-01 8.600000e-01 2.701776e-02
6.600000e-01 8.800000e-01 2.369664e-02
6.600000e-01 9.000000e-01 2.019600e-02
6.600000e-01 9.200000e-01 1.651584e-02
6.600000e-01 9.400000e-01 1.265616e-02
6.600000e-01 9.600000e-01 8.616960e-03
6.600000e-01 9.800000e-01 4.398240e-03

6.800000e-01 2.000000e-02 4.264960e-03
6.800000e-01 4.000000e-02 8.355840e-03
6.800000e-01 6.000000e-02 1.227264e-02
6.800000e-01 8.000000e-02 1.601536e-02
6.800000e-01 1.000000e-01 1.958400e-02
6.800000e-01 1.200000e-01 2.297856e-02
6.800000e-01 1.400000e-01 2.619904e-02
6.800000e-01 1.600000e-01 2.924544e-02
6.800000e-01 1.800000e-01 3.211776e-02
6.800000e-01 2.000000e-01 3.481600e-02
6.800000e-01 2.200000e-01 3.734016e-02
6.800000e-01 2.400000e-01 3.969024e-02
6.800000e-01 2.600000e-01 4.186624e-02
6.800000e-01 2.800000e-01 4.386816e-02
6.800000e-01 3.000000e-01 4.569600e-02
6.800000e-01 3.200000e-01 4.734976e-02
6.800000e-01 3.400000e-01 4.882944e-02
6.800000e-01 3.600000e-01 5.013504e-02
6.800000e-01 3.800000e-01 5.126656e-02
6.800000e-01 4.000000e-01 5.222400e-02
6.800000e-01 4.200000e-01 5.300736e-02
6.800000e-01 4.400000e-01 5.361664e-02
6.800000e-01 4.600000e-01 5.405184e-02
6.800000e-01 4.800000e-01 5.431296e-02
6.800000e-01 5.000000e-01 5.440000e-02
6.800000e-01 5.200000e-01 5.431296e-02
6.800000e-01 5.400000e-01 5.405184e-02
6.800000e-01 5.600000e-01 5.361664e-02
6.800000e-01 5.800000e-01 5.300736e-02
6.800000e-01 6.000000e-01 5.222400e-02
6.800000e-01 6.200000e-01 5.126656e-02
6.800000e-01 6.400000e-01 5.013504e-02
6.800000e-01 6.600000e-01 4.882944e-02
6.800000e-01 6.800000e-01 4.734976e-02
6.800000e-01 7.000000e-01 4.569600e-02
6.800000e-01 7.200000e-01 4.386816e-02
6.800000e-01 7.400000e-01 4.186624e-02
6.800000e-01 7.600000e-01 3.969024e-02
6.800000e-01 7.800000e-01 3.734016e-02
6.800000e-01 8.000000e-01 3.481600e-02
6.800000e-01 8.200000e-01 3.211776e-02
6.800000e-01 8.400000e-01 2.924544e-02
6.800000e-01 8.600000e-01 2.619904e-02
6.800000e-01 8.800000e-01 2.297856e-02
6.800000e-01 9.000000e-01 1.958400e-02
6.800000e-01 9.200000e-01 1.601536e-02
6.800000e-01 9.400000e-01 1.227264e-02
6.800000e-01 9.600000e-01 8.355840e-03
6.800000e-01 9.800000e-01 4.264960e-03

7.000000e-01 2.000000e-02 4.116000e-03
7.000000e-01 4.000000e-02 8.064000e-03
7.000000e-01 6.000000e-02 1.184400e-02
7.000000e-01 8.000000e-02 1.545600e-02
7.000000e-01 1.000000e-01 1.890000e-02
7.000000e-01 1.200000e-01 2.217600e-02
7.000000e-01 1.400000e-01 2.528400e-02
7.000000e-01 1.600000e-01 2.822400e-02
7.000000e-01 1.800000e-01 3.099600e-02
7.000000e-01 2.000000e-01 3.360000e-02
7.000000e-01 2.200000e-01 3.603600e-02
7.000000e-01 2.400000e-01 3.830400e-02
7.000000e-01 2.600000e-01 4.040400e-02
7.000000e-01 2.800000e-01 4.233600e-02
7.000000e-01 3.000000e-01 4.410000e-02
7.000000e-01 3.200000e-01 4.569600e-02
7.000000e-01 3.400000e-01 4.712400e-02
7.000000e-01 3.600000e-01 4.838400e-02
7.000000e-01 3.800000e-01 4.947600e-02
7.000000e-01 4.000000e-01 5.040000e-02
7.000000e-01 4.200000e-01 5.115600e-02
7.000000e-01 4.400000e-01 5.174400e-02
7.000000e-01 4.600000e-01 5.216400e-02
7.000000e-01 4.800000e-01 5.241600e-02
7.000000e-01 5.000000e-01 5.250000e-02
7.000000e-01 5.200000e-01 5.241600e-02
7.000000e-01 5.400000e-01 5.216400e-02
7.000000e-01 5.600000e-01 5.174400e-02
7.000000e-01 5.800000e-01 5.115600e-02
7.000000e-01 6.000000e-01 5.040000e-02
7.000000e-01 6.200000e-01 4.947600e-02
7.000000e-01 6.400000e-01 4.838400e-02
7.000000e-01 6.600000e-01 4.712400e-02
7.000000e-01 6.800000e-01 4.569600e-02
7.000000e-01 7.000000e-01 4.410000e-02
7.000000e-01 7.200000e-01 4.233600e-02
7.000000e-01 7.400000e-01 4.040400e-02
7.000000e-01 7.600000e-01 3.830400e-02
7.000000e-01 7.800000e-01 3.603600e-02
7.000000e-01 8.000000e-01 3.360000e-02
7.000000e-01 8.200000e-01 3.099600e-02
7.000000e-01 8.400000e-01 2.822400e-02
7.000000e-01 8.600000e-01 2.528400e-02
7.000000e-01 8.800000e-01 2.217600e-02
7.000000e-01 9.000000e-01 1.890000e-02
7.000000e-01 9.200000e-01 1.545600e-02
7.000000e-01 9.400000e-01 1.184400e-02
7.000000e-01 9.600000e-01 8.064000e-03
7.000000e-01 9.800000e-01 4.116000e-03

7.200000e-01 2.000000e-02 3.951360e-03
7.200000e-01 4.000000e-02 7.741440e-03
7.200000e-01 6.000000e-02 1.137024e-02
7.200000e-01 8.000000e-02 1.483776e-02
7.200000e-01 1.000000e-01 1.814400e-02
7.200000e-01 1.200000e-01 2.128896e-02
7.200000e-01 1.400000e-01 2.427264e-02
7.200000e-01 1.600000e-01 2.709504e-02
7.200000e-01 1.800000e-01 2.975616e-02
7.200000e-01 2.000000e-01 3.225600e-02
7.200000e-01 2.200000e-01 3.459456e-02
7.200000e-01 2.400000e-01 3.677184e-02
7.200000e-01 2.600000e-01 3.878784e-02
7.200000e-01 2.800000e-01 4.064256e-02
7.200000e-01 3.000000e-01 4.233600e-02
7.200000e-01 3.200000e-01 4.386816e-02
7.200000e-01 3.400000e-01 4.523904e-02
7.200000e-01 3.600000e-01 4.644864e-02
7.200000e-01 3.800000e-01 4.749696e-02
7.200000e-01 4.000000e-01 4.838400e-02
7.200000e-01 4.200000e-01 4.910976e-02
7.200000e-01 4.400000e-01 4.967424e-02
7.200000e-01 4.600000e-01 5.007744e-02
7.200000e-01 4.800000e-01 5.031936e-02
7.200000e-01 5.000000e-01 5.040000e-02
7.200000e-01 5.200000e-01 5.031936e-02
7.200000e-01 5.400000e-01 5.007744e-02
7.200000e-01 5.600000e-01 4.967424e-02
7.200000e-01 5.800000e-01 4.910976e-02
7.200000e-01 6.000000e-01 4.838400e-02
7.200000e-01 6.200000e-01 4.749696e-02
7.200000e-01 6.400000e-01 4.644864e-02
7.200000e-01 6.600000e-01 4.523904e-02
7.200000e-01 6.800000e-01 4.386816e-02
7.200000e-01 7.000000e-01 4.233600e-02
7.200000e-01 7.200000e-01 4.064256e-02
7.200000e-01 7.400000e-01 3.878784e-02
7.200000e-01 7.600000e-01 3.677184e-02
7.200000e-01 7.800000e-01 3.459456e-02
7.200000e-01 8.000000e-01 3.225600e-02
7.200000e-01 8.200000e-01 2.975616e-02
7.200000e-01 8.400000e-01 2.709504e-02
7.200000e-01 8.600000e-01 2.427264e-02
7.200000e-01 8.800000e-01 2.128896e-02
7.200000e-01 9.000000e-01 1.814400e-02
7.200000e-01 9.200000e-01 1.483776e-02
7.200000e-01 9.400000e-01 1.137024e-02
7.200000e-01 9.600000e-01 7.741440e-03
7.200000e-01 9.800000e-01 3.951360e-03

7.400000e-01 2.000000e-02 3.771040e-03
7.400000e-01 4.000000e-02 7.388160e-03
7.400000e-01 6.000000e-02 1.085136e-02
7.400000e-01 8.000000e-02 1.416064e-02
7.400000e-01 1.000000e-01 1.731600e-02
7.400000e-01 1.200000e-01 2.031744e-02
7.400000e-01 1.400000e-01 2.316496e-02
7.400000e-01 1.600000e-01 2.585856e-02
7.400000e-01 1.800000e-01 2.839824e-02
7.400000e-01 2.000000e-01 3.078400e-02
7.400000e-01 2.200000e-01 3.301584e-02
7.400000e-01 2.400000e-01 3.509376e-02
7.400000e-01 2.600000e-01 3.701776e-02
7.400000e-01 2.800000e-01 3.878784e-02
7.400000e-01 3.000000e-01 4.040400e-02
7.400000e-01 3.200000e-01 4.186624e-02
7.400000e-01 3.400000e-01 4.317456e-02
7.400000e-01 3.600000e-01 4.432896e-02
7.400000e-01 3.800000e-01 4.532944e-02
7.400000e-01 4.000000e-01 4.617600e-02
7.400000e-01 4.200000e-01 4.686864e-02
7.400000e-01 4.400000e-01 4.740736e-02
7.400000e-01 4.600000e-01 4.779216e-02
7.400000e-01 4.800000e-01 4.802304e-02
7.400000e-01 5.000000e-01 4.810000e-02
7.400000e-01 5.200000e-01 4.802304e-02
7.400000e-01 5.400000e-01 4.779216e-02
7.400000e-01 5.600000e-01 4.740736e-02
7.400000e-01 5.800000e-01 4.686864e-02
7.400000e-01 6.000000e-01 4.617600e-02
7.400000e-01 6.200000e-01 4.532944e-02
7.400000e-01 6.400000e-01 4.432896e-02
7.400000e-01 6.600000e-01 4.317456e-02
7.400000e-01 6.800000e-01 4.186624e-02
7.400000e-01 7.000000e-01 4.040400e-02
7.400000e-01 7.200000e-01 3.878784e-02
7.400000e-01 7.400000e-01 3.701776e-02
7.400000e-01 7.600000e-01 3.509376e-02
7.400000e-01 7.800000e-01 3.301584e-02
7.400000e-01 8.000000e-01 3.078400e-02
7.400000e-01 8.200000e-01 2.839824e-02
7.400000e-01 8.400000e-01 2.585856e-02
7.400000e-01 8.600000e-01 2.316496e-02
7.400000e-01 8.800000e-01 2.031744e-02
7.400000e-01 9.000000e-01 1.731600e-02
7.400000e-01 9.200000e-01 1.416064e-02
7.400000e-01 9.400000e-01 1.085136e-02
7.400000e-01 9.600000e-01 7.388160e-03
7.400000e-01 9.800000e-01 3.771040e-03

7.600000e-01 2.000000e-02 3.575040e-03
7.600000e-01 4.000000e-02 7.004160e-03
7.600000e-01 6.000000e-02 1.028736e-02
7.600000e-01 8.000000e-02 1.342464e-02
7.600000e-01 1.000000e-01 1.641600e-02
7.600000e-01 1.200000e-01 1.926144e-02
7.600000e-01 1.400000e-01 2.196096e-02
7.600000e-01 1.600000e-01 2.451456e-02
7.600000e-01 1.800000e-01 2.692224e-02
7.600000e-01 2.000000e-01 2.918400e-02
7.600000e-01 2.200000e-01 3.129984e-02
7.600000e-01 2.400000e-01 3.326976e-02
7.600000e-01 2.600000e-01 3.509376e-02
7.600000e-01 2.800000e-01 3.677184e-02
7.600000e-01 3.000000e-01 3.830400e-02
7.600000e-01 3.200000e-01 3.969024e-02
7.600000e-01 3.400000e-01 4.093056e-02
7.600000e-01 3.600000e-01 4.202496e-02
7.600000e-01 3.800000e-01 4.297344e-02
7.600000e-01 4.000000e-01 4.377600e-02
7.600000e-01 4.200000e-01 4.443264e-02
7.600000e-01 4.400000e-01 4.494336e-02
7.600000e-01 4.600000e-01 4.530816e-02
7.600000e-01 4.800000e-01 4.552704e-02
7.600000e-01 5.000000e-01 4.560000e-02
7.600000e-01 5.200000e-01 4.552704e-02
7.600000e-01 5.400000e-01 4.530816e-02
7.600000e-01 5.600000e-01 4.494336e-02
7.600000e-01 5.800000e-01 4.443264e-02
7.600000e-01 6.000000e-01 4.377600e-02
7.600000e-01 6.200000e-01 4.297344e-02
7.600000e-01 6.400000e-01 4.202496e-02
7.600000e-01 6.600000e-01 4.093056e-02
7.600000e-01 6.800000e-01 3.969024e-02
7.600000e-01 7.000000e-01 3.830400e-02
7.600000e-01 7.200000e-01 3.677184e-02
7.600000e-01 7.400000e-01 3.509376e-02
7.600000e-01 7.600000e-01 3.326976e-02
7.600000e-01 7.800000e-01 3.129984e-02
7.600000e-01 8.000000e-01 2.918400e-02
7.600000e-01 8.200000e-01 2.692224e-02
7.600000e-01 8.400000e-01 2.451456e-02
7.600000e-01 8.600000e-01 2.196096e-02
7.600000e-01 8.800000e-01 1.926144e-02
7.600000e-01 9.000000e-01 1.641600e-02
7.600000e-01 9.200000e-01 1.342464e-02
7.600000e-01 9.400000e-01 1.028736e-02
7.600000e-01 9.600000e-01 7.004160e-03
7.600000e-01 9.800000e-01 3.575040e-03

7.800000e-01 2.000000e-02 3.363360e-03
7.800000e-01 4.000000e-02 6.589440e-03
7.800000e-01 6.000000e-02 9.678240e-03
7.800000e-01 8.000000e-02 1.262976e-02
7.800000e-01 1.000000e-01 1.544400e-02
7.800000e-01 1.200000e-01 1.812096e-02
7.800000e-01 1.400000e-01 2.066064e-02
7.800000e-01 1.600000e-01 2.306304e-02
7.800000e-01 1.800000e-01 2.532816e-02
7.800000e-01 2.000000e-01 2.745600e-02
7.800000e-01 2.200000e-01 2.944656e-02
7.800000e-01 2.400000e-01 3.129984e-02
7.800000e-01 2.600000e-01 3.301584e-02
7.800000e-01 2.800000e-01 3.459456e-02
7.800000e-01 3.000000e-01 3.603600e-02
7.800000e-01 3.200000e-01 3.734016e-02
7.800000e-01 3.400000e-01 3.850704e-02
7.800000e-01 3.600000e-01 3.953664e-02
7.800000e-01 3.800000e-01 4.042896e-02
7.800000e-01 4.000000e-01 4.118400e-02
7.800000e-01 4.200000e-01 4.180176e-02
7.800000e-01 4.400000e-01 4.228224e-02
7.800000e-01 4.600000e-01 4.262544e-02
7.800000e-01 4.800000e-01 4.283136e-02
7.800000e-01 5.000000e-01 4.290000e-02
7.800000e-01 5.200000e-01 4.283136e-02
7.800000e-01 5.400000e-01 4.262544e-02
7.800000e-01 5.600000e-01 4.228224e-02
7.800000e-01 5.800000e-01 4.180176e-02
7.800000e-01 6.000000e-01 4.118400e-02
7.800000e-01 6.200000e-01 4.042896e-02
7.800000e-01 6.400000e-01 3.953664e-02
7.800000e-01 6.600000e-01 3.850704e-02
7.800000e-01 6.800000e-01 3.734016e-02
7.800000e-01 7.000000e-01 3.603600e-02
7.800000e-01 7.200000e-01 3.459456e-02
7.800000e-01 7.400000e-01 3.301584e-02
7.800000e-01 7.600000e-01 3.129984e-02
7.800000e-01 7.800000e-01 2.944656e-02
7.800000e-01 8.000000e-01 2.745600e-02
7.800000e-01 8.200000e-01 2.532816e-02
7.800000e-01 8.400000e-01 2.306304e-02
7.800000e-01 8.600000e-01 2.066064e-02
7.800000e-01 8.800000e-01 1.812096e-02
7.800000e-01 9.000000e-01 1.544400e-02
7.800000e-01 9.200000e-01 1.262976e-02
7.800000e-01 9.400000e-01 9.678240e-03
7.800000e-01 9.600000e-01 6.589440e-03
7.800000e-01 9.800000e-01 3.363360e-03

8.000000e-01 2.000000e-02 3.136000e-03
8.000000e-01 4.000000e-02 6.144000e-03
8.000000e-01 6.000000e-02 9.024000e-03
8.000000e-01 8.000000e-02 1.177600e-02
8.000000e-01 1.000000e-01 1.440000e-02
8.000000e-01 1.200000e-01 1.689600e-02
8.000000e-01 1.400000e-01 1.926400e-02
8.000000e-01 1.600000e-01 2.150400e-02
8.000000e-01 1.800000e-01 2.361600e-02
8.000000e-01 2.000000e-01 2.560000e-02
8.000000e-01 2.200000e-01 2.745600e-02
8.000000e-01 2.400000e-01 2.918400e-02
8.000000e-01 2.600000e-01 3.078400e-02
8.000000e-01 2.800000e-01 3.225600e-02
8.000000e-01 3.000000e-01 3.360000e-02
8.000000e-01 3.200000e-01 3.481600e-02
8.000000e-01 3.400000e-01 3.590400e-02
8.000000e-01 3.600000e-01 3.686400e-02
8.000000e-01 3.800000e-01 3.769600e-02
8.000000e-01 4.000000e-01 3.840000e-02
8.000000e-01 4.200000e-01 3.897600e-02
8.000000e-01 4.400000e-01 3.942400e-02
8.000000e-01 4.600000e-01 3.974400e-02
8.000000e-01 4.800000e-01 3.993600e-02
8.000000e-01 5.000000e-01 4.000000e-02
8.000000e-01 5.200000e-01 3.993600e-02
8.000000e-01 5.400000e-01 3.974400e-02
8.000000e-01 5.600000e-01 3.942400e-02
8.000000e-01 5.800000e-01 3.897600e-02
8.000000e-01 6.000000e-01 3.840000e-02
8.000000e-01 6.200000e-01 3.769600e-02
8.000000e-01 6.400000e-01 3.686400e-02
8.000000e-01 6.600000e-01 3.590400e-02
8.000000e-01 6.800000e-01 3.481600e-02
8.000000e-01 7.000000e-01 3.360000e-02
8.000000e-01 7.200000e-01 3.225600e-02
8.000000e-01 7.400000e-01 3.078400e-02
8.000000e-01 7.600000e-01 2.918400e-02
8.000000e-01 7.800000e-01 2.745600e-02
8.000000e-01 8.000000e-01 2.560000e-02
8.000000e-01 8.200000e-01 2.361600e-02
8.000000e-01 8.400000e-01 2.150400e-02
8.000000e-01 8.600000e-01 1.926400e-02
8.000000e-01 8.800000e-01 1.689600e-02
8.000000e-01 9.000000e-01 1.440000e-02
8.000000e-01 9.200000e-01 1.177600e-02
8.000000e-01 9.400000e-01 9.024000e-03
8.000000e-01 9.600000e-01 6.144000e-03
8.000000e-01 9.800000e-01 3.136000e-03

8.200000e-01 2.000000e-02 2.892960e-03
8.200000e-01 4.000000e-02 5.667840e-03
8.200000e-01 6.000000e-02 8.324640e-03
8.200000e-01 8.000000e-02 1.086336e-02
8.200000e-01 1.000000e-01 1.328400e-02
8.200000e-01 1.200000e-01 1.558656e-02
8.200000e-01 1.400000e-01 1.777104e-02
8.200000e-01 1.600000e-01 1.983744e-02
8.200000e-01 1.800000e-01 2.178576e-02
8.200000e-01 2.000000e-01 2.361600e-02
8.200000e-01 2.200000e-01 2.532816e-02
8.200000e-01 2.400000e-01 2.692224e-02
8.200000e-01 2.600000e-01 2.839824e-02
8.200000e-01 2.800000e-01 2.975616e-02
8.200000e-01 3.000000e-01 3.099600e-02
8.200000e-01 3.200000e-01 3.211776e-02
8.200000e-01 3.400000e-01 3.312144e-02
8.200000e-01 3.600000e-01 3.400704e-02
8.200000e-01 3.800000e-01 3.477456e-02
8.200000e-01 4.000000e-01 3.542400e-02
8.200000e-01 4.200000e-01 3.595536e-02
8.200000e-01 4.400000e-01 3.636864e-02
8.200000e-01 4.600000e-01 3.666384e-02
8.200000e-01 4.800000e-01 3.684096e-02
8.200000e-01 5.000000e-01 3.690000e-02
8.200000e-01 5.200000e-01 3.684096e-02
8.200000e-01 5.400000e-01 3.666384e-02
8.200000e-01 5.600000e-01 3.636864e-02
8.200000e-01 5.800000e-01 3.595536e-02
8.200000e-01 6.000000e-01 3.542400e-02
8.200000e-01 6.200000e-01 3.477456e-02
8.200000e-01 6.400000e-01 3.400704e-02
8.200000e-01 6.600000e-01 3.312144e-02
8.200000e-01 6.800000e-01 3.211776e-02
8.200000e-01 7.000000e-01 3.099600e-02
8.200000e-01 7.200000e-01 2.975616e-02
8.200000e-01 7.400000e-01 2.839824e-02
8.200000e-01 7.600000e-01 2.692224e-02
8.200000e-01 7.800000e-01 2.532816e-02
8.200000e-01 8.000000e-01 2.361600e-02
8.200000e-01 8.200000e-01 2.178576e-02
8.200000e-01 8.400000e-01 1.983744e-02
8.200000e-01 8.600000e-01 1.777104e-02
8.200000e-01 8.800000e-01 1.558656e-02
8.200000e-01 9.000000e-01 1.328400e-02
8.200000e-01 9.200000e-01 1.086336e-02
8.200000e-01 9.400000e-01 8.324640e-03
8.200000e-01 9.600000e-01 5.667840e-03
8.200000e-01 9.800000e-01 2.892960e-03

8.400000e-01 2.000000e-02 2.634240e-03
8.400000e-01 4.000000e-02 5.160960e-03
8.400000e-01 6.000000e-02 7.580160e-03
8.400000e-01 8.000000e-02 9.891840e-03
8.400000e-01 1.000000e-01 1.209600e-02
8.400000e-01 1.200000e-01 1.419264e-02
8.400000e-01 1.400000e-01 1.618176e-02
8.400000e-01 1.600000e-01 1.806336e-02
8.400000e-01 1.800000e-01 1.983744e-02
8.400000e-01 2.000000e-01 2.150400e-02
8.400000e-01 2.200000e-01 2.306304e-02
8.400000e-01 2.400000e-01 2.451456e-02
8.400000e-01 2.600000e-01 2.585856e-02
8.400000e-01 2.800000e-01 2.709504e-02
8.400000e-01 3.000000e-01 2.822400e-02
8.400000e-01 3.200000e-01 2.924544e-02
8.400000e-01 3.400000e-01 3.015936e-02
8.400000e-01 3.600000e-01 3.096576e-02
8.400000e-01 3.800000e-01 3.166464e-02
8.400000e-01 4.000000e-01 3.225600e-02
8.400000e-01 4.200000e-01 3.273984e-02
8.400000e-01 4.400000e-01 3.311616e-02
8.400000e-01 4.600000e-01 3.338496e-02
8.400000e-01 4.800000e-01 3.354624e-02
8.400000e-01 5.000000e-01 3.360000e-02
8.400000e-01 5.200000e-01 3.354624e-02
8.400000e-01 5.400000e-01 3.338496e-02
8.400000e-01 5.600000e-01 3.311616e-02
8.400000e-01 5.800000e-01 3.273984e-02
8.400000e-01 6.000000e-01 3.225600e-02
8.400000e-01 6.200000e-01 3.166464e-02
8.400000e-01 6.400000e-01 3.096576e-02
8.400000e-01 6.600000e-01 3.015936e-02
8.400000e-01 6.800000e-01 2.924544e-02
8.400000e-01 7.000000e-01 2.822400e-02
8.400000e-01 7.200000e-01 2.709504e-02
8.400000e-01 7.400000e-01 2.585856e-02
8.400000e-01 7.600000e-01 2.451456e-02
8.400000e-01 7.800000e-01 2.306304e-02
8.400000e-01 8.000000e-01 2.150400e-02
8.400000e-01 8.200000e-01 1.983744e-02
8.400000e-01 8.400000e-01 1.806336e-02
8.400000e-01 8.600000e-01 1.618176e-02
8.400000e-01 8.800000e-01 1.419264e-02
8.400000e-01 9.000000e-01 1.209600e-02
8.400000e-01 9.200000e-01 9.891840e-03
8.400000e-01 9.400000e-01 7.580160e-03
8.400000e-01 9.600000e-01 5.160960e-03
8.400000e-01 9.800000e-01 2.634240e-03

8.600000e-01 2.000000e-02 2.359840e-03
8.600000e-01 4.000000e-02 4.623360e-03
8.600000e-01 6.000000e-02 6.790560e-03
8.600000e-01 8.000000e-02 8.861440e-03
8.600000e-01 1.000000e-01 1.083600e-02
8.600000e-01 1.200000e-01 1.271424e-02
8.600000e-01 1.400000e-01 1.449616e-02
8.600000e-01 1.600000e-01 1.618176e-02
8.600000e-01 1.800000e-01 1.777104e-02
8.600000e-01 2.000000e-01 1.926400e-02
8.600000e-01 2.200000e-01 2.066064e-02
8.600000e-01 2.400000e-01 2.196096e-02
8.600000e-01 2.600000e-01 2.316496e-02
8.600000e-01 2.800000e-01 2.427264e-02
8.600000e-01 3.000000e-01 2.528400e-02
8.600000e-01 3.200000e-01 2.619904e-02
8.600000e-01 3.400000e-01 2.701776e-02
8.600000e-01 3.600000e-01 2.774016e-02
8.600000e-01 3.800000e-01 2.836624e-02
8.600000e-01 4.000000e-01 2.889600e-02
8.600000e-01 4.200000e-01 2.932944e-02
8.600000e-01 4.400000e-01 2.966656e-02
8.600000e-01 4.600000e-01 2.990736e-02
8.600000e-01 4.800000e-01 3.005184e-02
8.600000e-01 5.000000e-01 3.010000e-02
8.600000e-01 5.200000e-01 3.005184e-02
8.600000e-01 5.400000e-01 2.990736e-02
8.600000e-01 5.600000e-01 2.966656e-02
8.600000e-01 5.800000e-01 2.932944e-02
8.600000e-01 6.000000e-01 2.889600e-02
8.600000e-01 6.200000e-01 2.836624e-02
8.600000e-01 6.400000e-01 2.774016e-02
8.600000e-01 6.600000e-01 2.701776e-02
8.600000e-01 6.800000e-01 2.619904e-02
8.600000e-01 7.000000e-01 2.528400e-02
8.600000e-01 7.200000e-01 2.427264e-02
8.600000e-01 7.400000e-01 2.316496e-02
8.600000e-01 7.600000e-01 2.196096e-02
8.600000e-01 7.800000e-01 2.066064e-02
8.600000e-01 8.000000e-01 1.926400e-02
8.600000e-01 8.200000e-01 1.777104e-02
8.600000e-01 8.400000e-01 1.618176e-02
8.600000e-01 8.600000e-01 1.449616e-02
8.600000e-01 8.800000e-01 1.271424e-02
8.600000e-01 9.000000e-01 1.083600e-02
8.600000e-01 9.200000e-01 8.861440e-03
8.600000e-01 9.400000e-01 6.790560e-03
8.600000e-01 9.600000e-01 4.623360e-03
8.600000e-01 9.800000e-01 2.359840e-03

8.800000e-01 2.000000e-02 2.069760e-03
8.800000e-01 4.000000e-02 4.055040e-03
8.800000e-01 6.000000e-02 5.955840e-03
8.800000e-01 8.000000e-02 7.772160e-03
8.800000e-01 1.000000e-01 9.504000e-03
8.800000e-01 1.200000e-01 1.115136e-02
8.800000e-01 1.400000e-01 1.271424e-02
8.800000e-01 1.600000e-01 1.419264e-02
8.800000e-01 1.800000e-01 1.558656e-02
8.800000e-01 2.000000e-01 1.689600e-02
8.800000e-01 2.200000e-01 1.812096e-02
8.800000e-01 2.400000e-01 1.926144e-02
8.800000e-01 2.600000e-01 2.031744e-02
8.800000e-01 2.800000e-01 2.128896e-02
8.800000e-01 3.000000e-01 2.217600e-02
8.800000e-01 3.200000e-01 2.297856e-02
8.800000e-01 3.400000e-01 2.369664e-02
8.800000e-01 3.600000e-01 2.433024e-02
8.800000e-01 3.800000e-01 2.487936e-02
8.800000e-01 4.000000e-01 2.534400e-02
8.800000e-01 4.200000e-01 2.572416e-02
8.800000e-01 4.400000e-01 2.601984e-02
8.800000e-01 4.600000e-01 2.623104e-02
8.800000e-01 4.800000e-01 2.635776e-02
8.800000e-01 5.000000e-01 2.640000e-02
8.800000e-01 5.200000e-01 2.635776e-02
8.800000e-01 5.400000e-01 2.623104e-02
8.800000e-01 5.600000e-01 2.601984e-02
8.800000e-01 5.800000e-01 2.572416e-02
8.800000e-01 6.000000e-01 2.534400e-02
8.800000e-01 6.200000e-01 2.487936e-02
8.800000e-01 6.400000e-01 2.433024e-02
8.800000e-01 6.600000e-01 2.369664e-02
8.800000e-01 6.800000e-01 2.297856e-02
8.800000e-01 7.000000e-01 2.217600e-02
8.800000e-01 7.200000e-01 2.128896e-02
8.800000e-01 7.400000e-01 2.031744e-02
8.800000e-01 7.600000e-01 1.926144e-02
8.800000e-01 7.800000e-01 1.812096e-02
8.800000e-01 8.000000e-01 1.689600e-02
8.800000e-01 8.200000e-01 1.558656e-02
8.800000e-01 8.400000e-01 1.419264e-02
8.800000e-01 8.600000e-01 1.271424e-02
8.800000e-01 8.800000e-01 1.115136e-02
8.800000e-01 9.000000e-01 9.504000e-03
8.800000e-01 9.200000e-01 7.772160e-03
8.800000e-01 9.400000e-01 5.955840e-03
8.800000e-01 9.600000e-01 4.055040e-03
8.800000e-01 9.800000e-01 2.069760e-03

9.000000e-01 2.000000e-02 1.764000e-03
9.000000e-01 4.000000e-02 3.456000e-03
9.000000e-01 6.000000e-02 5.076000e-03
9.000000e-01 8.000000e-02 6.624000e-03
9.000000e-01 1.000000e-01 8.100000e-03
9.000000e-01 1.200000e-01 9.504000e-03
9.000000e-01 1.400000e-01 1.083600e-02
9.000000e-01 1.600000e-01 1.209600e-02
9.000000e-01 1.800000e-01 1.328400e-02
9.000000e-01 2.000000e-01 1.440000e-02
9.000000e-01 2.200000e-01 1.544400e-02
9.000000e-01 2.400000e-01 1.641600e-02
9.000000e-01 2.600000e-01 1.731600e-02
9.000000e-01 2.800000e-01 1.814400e-02
9.000000e-01 3.000000e-01 1.890000e-02
9.000000e-01 3.200000e-01 1.958400e-02
9.000000e-01 3.400000e-01 2.019600e-02
9.000000e-01 3.600000e-01 2.073600e-02
9.000000e-01 3.800000e-01 2.120400e-02
9.000000e-01 4.000000e-01 2.160000e-02
9.000000e-01 4.200000e-01 2.192400e-02
9.000000e-01 4.400000e-01 2.217600e-02
9.000000e-01 4.600000e-01 2.235600e-02
9.000000e-01 4.800000e-01 2.246400e-02
9.000000e-01 5.000000e-01 2.250000e-02
9.000000e-01 5.200000e-01 2.246400e-02
9.000000e-01 5.400000e-01 2.235600e-02
9.000000e-01 5.600000e-01 2.217600e-02
9.000000e-01 5.800000e-01 2.192400e-02
9.000000e-01 6.000000e-01 2.160000e-02
9.000000e-01 6.200000e-01 2.120400e-02
9.000000e-01 6.400000e-01 2.073600e-02
9.000000e-01 6.600000e-01 2.019600e-02
9.000000e-01 6.800000e-01 1.958400e-02
9.000000e-01 7.000000e-01 1.890000e-02
9.000000e-01 7.200000e-01 1.814400e-02
9.000000e-01 7.400000e-01 1.731600e-02
9.000000e-01 7.600000e-01 1.641600e-02
9.000000e-01 7.800000e-01 1.544400e-02
9.000000e-01 8.000000e-01 1.440000e-02
9.000000e-01 8.200000e-01 1.328400e-02
9.000000e-01 8.400000e-01 1.209600e-02
9.000000e-01 8.600000e-01 1.083600e-02
9.000000e-01 8.800000e-01 9.504000e-03
9.000000e-01 9.000000e-01 8.100000e-03
9.000000e-01 9.200000e-01 6.624000e-03
9.000000e-01 9.400000e-01 5.076000e-03
9.000000e-01 9.600000e-01 3.456000e-03
9.000000e-01 9.800000e-01 1.764000e-03

9.200000e-01 2.000000e-02 1.442560e-03
9.200000e-01 4.000000e-02 2.826240e-03
9.200000e-01 6.000000e-02 4.151040e-03
9.200000e-01 8.000000e-02 5.416960e-03
9.200000e-01 1.000000e-01 6.624000e-03
9.200000e-01 1.200000e-01 7.772160e-03
9.200000e-01 1.400000e-01 8.861440e-03
9.200000e-01 1.600000e-01 9.891840e-03
9.200000e-01 1.800000e-01 1.086336e-02
9.200000e-01 2.000000e-01 1.177600e-02
9.200000e-01 2.200000e-01 1.262976e-02
9.200000e-01 2.400000e-01 1.342464e-02
9.200000e-01 2.600000e-01 1.416064e-02
9.200000e-01 2.800000e-01 1.483776e-02
9.200000e-01 3.000000e-01 1.545600e-02
9.200000e-01 3.200000e-01 1.601536e-02
9.200000e-01 3.400000e-01 1.651584e-02
9.200000e-01 3.600000e-01 1.695744e-02
9.200000e-01 3.800000e-01 1.734016e-02
9.200000e-01 4.000000e-01 1.766400e-02
9.200000e-01 4.200000e-01 1.792896e-02
9.200000e-01 4.400000e-01 1.813504e-02
9.200000e-01 4.600000e-01 1.828224e-02
9.200000e-01 4.800000e-01 1.837056e-02
9.200000e-01 5.000000e-01 1.840000e-02
9.200000e-01 5.200000e-01 1.837056e-02
9.200000e-01 5.400000e-01 1.828224e-02
9.200000e-01 5.600000e-01 1.813504e-02
9.200000e-01 5.800000e-01 1.792896e-02
9.200000e-01 6.000000e-01 1.766400e-02
9.200000e-01 6.200000e-01 1.734016e-02
9.200000e-01 6.400000e-01 1.695744e-02
9.200000e-01 6.600000e-01 1.651584e-02
9.200000e-01 6.800000e-01 1.601536e-02
9.200000e-01 7.000000e-01 1.545600e-02
9.200000e-01 7.200000e-01 1.483776e-02
9.200000e-01 7.400000e-01 1.416064e-02
9.200000e-01 7.600000e-01 1.342464e-02
9.200000e-01 7.800000e-01 1.262976e-02
9.200000e-01 8.000000e-01 1.177600e-02
9.200000e-01 8.200000e-01 1.086336e-02
9.200000e-01 8.400000e-01 9.891840e-03
9.200000e-01 8.600000e-01 8.861440e-03
9.200000e-01 8.800000e-01 7.772160e-03
9.200000e-01 9.000000e-01 6.624000e-03
9.200000e-01 9.200000e-01 5.416960e-03
9.200000e-01 9.400000e-01 4.151040e-03
9.200000e-01 9.600000e-01 2.826240e-03
9.200000e-01 9.800000e-01 1.442560e-03

9.400000e-01 2.000000e-02 1.105440e-03
9.400000e-01 4.000000e-02 2.165760e-03
9.400000e-01 6.000000e-02 3.180960e-03
9.400000e-01 8.000000e-02 4.151040e-03
9.400000e-01 1.000000e-01 5.076000e-03
9.400000e-01 1.200000e-01 5.955840e-03
9.400000e-01 1.400000e-01 6.790560e-03
9.400000e-01 1.600000e-01 7.580160e-03
9.400000e-01 1.800000e-01 8.324640e-03
9.400000e-01 2.000000e-01 9.024000e-03
9.400000e-01 2.200000e-01 9.678240e-03
9.400000e-01 2.400000e-01 1.028736e-02
9.400000e-01 2.600000e-01 1.085136e-02
9.400000e-01 2.800000e-01 1.137024e-02
9.400000e-01 3.000000e-01 1.184400e-02
9.400000e-01 3.200000e-01 1.227264e-02
9.400000e-01 3.400000e-01 1.265616e-02
9.400000e-01 3.600000e-01 1.299456e-02
9.400000e-01 3.800000e-01 1.328784e-02
9.400000e-01 4.000000e-01 1.353600e-02
9.400000e-01 4.200000e-01 1.373904e-02
9.400000e-01 4.400000e-01 1.389696e-02
9.400000e-01 4.600000e-01 1.400976e-02
9.400000e-01 4.800000e-01 1.407744e-02
9.400000e-01 5.000000e-01 1.410000e-02
9.400000e-01 5.200000e-01 1.407744e-02
9.400000e-01 5.400000e-01 1.400976e-02
9.400000e-01 5.600000e-01 1.389696e-02
9.400000e-01 5.800000e-01 1.373904e-02
9.400000e-01 6.000000e-01 1.353600e-02
9.400000e-01 6.200000e-01 1.328784e-02
9.400000e-01 6.400000e-01 1.299456e-02
9.400000e-01 6.600000e-01 1.265616e-02
9.400000e-01 6.800000e-01 1.227264e-02
9.400000e-01 7.000000e-01 1.184400e-02
9.400000e-01 7.200000e-01 1.137024e-02
9.400000e-01 7.400000e-01 1.085136e-02
9.400000e-01 7.600000e-01 1.028736e-02
9.400000e-01 7.800000e-01 9.678240e-03
9.400000e-01 8.000000e-01 9.024000e-03
9.400000e-01 8.200000e-01 8.324640e-03
9.400000e-01 8.400000e-01 7.580160e-03
9.400000e-01 8.600000e-01 6.790560e-03
9.400000e-01 8.800000e-01 5.955840e-03
9.400000e-01 9.000000e-01 5.076000e-03
9.400000e-01 9.200000e-01 4.151040e-03
9.400000e-01 9.400000e-01 3.180960e-03
9.400000e-01 9.600000e-01 2.165760e-03
9.400000e-01 9.800000e-01 1.105440e-03

9.600000e-01 2.000000e-02 7.526400e-04
9.600000e-01 4.000000e-02 1.474560e-03
9.600000e-01 6.000000e-02 2.165760e-03
9.600000e-01 8.000000e-02 2.826240e-03
9.600000e-01 1.000000e-01 3.456000e-03
9.600000e-01 1.200000e-01 4.055040e-03
9.600000e-01 1.400000e-01 4.623360e-03
9.600000e-01 1.600000e-01 5.160960e-03
9.600000e-01 1.800000e-01 5.667840e-03
9.600000e-01 2.000000e-01 6.144000e-03
9.600000e-01 2.200000e-01 6.589440e-03
9.600000e-01 2.400000e-01 7.004160e-03
9.600000e-01 2.600000e-01 7.388160e-03
9.600000e-01 2.800000e-01 7.741440e-03
9.600000e-01 3.000000e-01 8.064000e-03
9.600000e-01 3.200000e-01 8.355840e-03
9.600000e-01 3.400000e-01 8.616960e-03
9.600000e-01 3.600000e-01 8.847360e-03
9.600000e-01 3.800000e-01 9.047040e-03
9.600000e-01 4.000000e-01 9.216000e-03
9.600000e-01 4.200000e-01 9.354240e-03
9.600000e-01 4.400000e-01 9.461760e-03
9.600000e-01 4.600000e-01 9.538560e-03
9.600000e-01 4.800000e-01 9.584640e-03
9.600000e-01 5.000000e-01 9.600000e-03
9.600000e-01 5.200000e-01 9.584640e-03
9.600000e-01 5.400000e-01 9.538560e-03
9.600000e-01 5.600000e-01 9.461760e-03
9.600000e-01 5.800000e-01 9.354240e-03
9.600000e-01 6.000000e-01 9.216000e-03
9.600000e-01 6.200000e-01 9.047040e-03
9.600000e-01 6.400000e-01 8.847360e-03
9.600000e-01 6.600000e-01 8.616960e-03
9.600000e-01 6.800000e-01 8.355840e-03
9.600000e-01 7.000000e-01 8.064000e-03
9.600000e-01 7.200000e-01 7.741440e-03
9.600000e-01 7.400000e-01 7.388160e-03
9.600000e-01 7.600000e-01 7.004160e-03
9.600000e-01 7.800000e-01 6.589440e-03
9.600000e-01 8.000000e-01 6.144000e-03
9.600000e-01 8.200000e-01 5.667840e-03
9.600000e-01 8.400000e-01 5.160960e-03
9.600000e-01 8.600000e-01 4.623360e-03
9.600000e-01 8.800000e-01 4.055040e-03
9.600000e-01 9.000000e-01 3.456000e-03
9.600000e-01 9.200000e-01 2.826240e-03
9.600000e-01 9.400000e-01 2.165760e-03
9.600000e-01 9.600000e-01 1.474560e-03
9.600000e-01 9.800000e-01 7.526400e-04

9.800000e-01 2.000000e-02 3.841600e-04
9.800000e-01 4.000000e-02 7.526400e-04
9.800000e-01 6.000000e-02 1.105440e-03
9.800000e-01 8.000000e-02 1.442560e-03
9.800000e-01 1.000000e-01 1.764000e-03
9.800000e-01 1.200000e-01 2.069760e-03
9.800000e-01 1.400000e-01 2.359840e-03
9.800000e-01 1.600000e-01 2.634240e-03
9.800000e-01 1.800000e-01 2.892960e-03
9.800000e-01 2.000000e-01 3.136000e-03
9.800000e-01 2.200000e-01 3.363360e-03
9.800000e-01 2.400000e-01 3.575040e-03
9.800000e-01 2.600000e-01 3.771040e-03
9.800000e-01 2.800000e-01 3.951360e-03
9.800000e-01 3.000000e-01 4.116000e-03
9.800000e-01 3.200000e-01 4.264960e-03
9.800000e-01 3.400000e-01 4.398240e-03
9.800000e-01 3.600000e-01 4.515840e-03
9.800000e-01 3.800000e-01 4.617760e-03
9.800000e-01 4.000000e-01 4.704000e-03
9.800000e-01 4.200000e-01 4.774560e-03
9.800000e-01 4.400000e-01 4.829440e-03
9.800000e-01 4.600000e-01 4.868640e-03
9.800000e-01 4.800000e-01 4.892160e-03
9.800000e-01 5.000000e-01 4.900000e-03
9.800000e-01 5.200000e-01 4.892160e-03
9.800000e-01 5.400000e-01 4.868640e-03
9.800000e-01 5.600000e-01 4.829440e-03
9.800000e-01 5.800000e-01 4.774560e-03
9.800000e-01 6.000000e-01 4.704000e-03
9.800000e-01 6.200000e-01 4.617760e-03
9.800000e-01 6.400000e-01 4.515840e-03
9.800000e-01 6.600000e-01 4.398240e-03
9.800000e-01 6.800000e-01 4.264960e-03
9.800000e-01 7.000000e-01 4.116000e-03
9.800000e-01 7.200000e-01 3.951360e-03
9.800000e-01 7.400000e-01 3.771040e-03
9.800000e-01 7.600000e-01 3.575040e-03
9.800000e-01 7.800000e-01 3.363360e-03
9.800000e-01 8.000000e-01 3.136000e-03
9.800000e-01 8.200000e-01 2.892960e-03
9.800000e-01 8.400000e-01 2.634240e-03
9.800000e-01 8.600000e-01 2.359840e-03
9.800000e-01 8.800000e-01 2.069760e-03
9.800000e-01 9.000000e-01 1.764000e-03
9.800000e-01 9.200000e-01 1.442560e-03
9.800000e-01 9.400000e-01 1.105440e-03
9.800000e-01 9.600000e-01 7.526400e-04
9.800000e-01 9.800000e-01 3.841600e-04

