2.000000e-02 2.000000e-02 3.831659e-04
2.000000e-02 4.000000e-02 7.506597e-04
2.000000e-02 6.000000e-02 1.102473e-03
2.000000e-02 8.000000e-02 1.438631e-03
2.000000e-02 1.000000e-01 1.759108e-03
2.000000e-02 1.200000e-01 2.063943e-03
2.000000e-02 1.400000e-01 2.353099e-03
2.000000e-02 1.600000e-01 2.626628e-03
2.000000e-02 1.800000e-01 2.884477e-03
2.000000e-02 2.000000e-01 3.126713e-03
2.000000e-02 2.200000e-01 3.353268e-03
2.000000e-02 2.400000e-01 3.564224e-03
2.000000e-02 2.600000e-01 3.759499e-03
2.000000e-02 2.800000e-01 3.939186e-03
2.000000e-02 3.000000e-01 4.103192e-03
2.000000e-02 3.200000e-01 4.251619e-03
2.000000e-02 3.400000e-01 4.384367e-03
2.000000e-02 3.600000e-01 4.501543e-03
2.000000e-02 3.800000e-01 4.603040e-03
2.000000e-02 4.000000e-01 4.688973e-03
2.000000e-02 4.200000e-01 4.759226e-03
2.000000e-02 4.400000e-01 4.813919e-03
2.000000e-02 4.600000e-01 4.852933e-03
2.000000e-02 4.800000e-01 4.876391e-03
2.000000e-02 5.000000e-01 4.884168e-03
2.000000e-02 5.200000e-01 4.876391e-03
2.000000e-02 5.400000e-01 4.852933e-03
2.000000e-02 5.600000e-01 4.813919e-03
2.000000e-02 5.800000e-01 4.759226e-03
2.000000e-02 6.000000e-01 4.688973e-03
2.000000e-02 6.200000e-01 4.603040e-03
2.000000e-02 6.400000e-01 4.501543e-03
2.000000e-02 6.600000e-01 4.384367e-03
2.000000e-02 6.800000e-01 4.251619e-03
2.000000e-02 7.000000e-01 4.103192e-03
2.000000e-02 7.200000e-01 3.939186e-03
2.000000e-02 7.400000e-01 3.759499e-03
2.000000e-02 7.600000e-01 3.564224e-03
2.000000e-02 7.800000e-01 3.353268e-03
2.000000e-02 8.000000e-01 3.126713e-03
2.000000e-02 8.200000e-01 2.884477e-03
2.000000e-02 8.400000e-01 2.626628e-03
2.000000e-02 8.600000e-01 2.353099e-03
2.000000e-02 8.800000e-01 2.063943e-03
2.000000e-02 9.000000e-01 1.759108e-03
2.000000e-02 9.200000e-01 1.438631e-03
2.000000e-02 9.400000e-01 1.102473e-03
2.000000e-02 9.600000e-01 7.506597e-04
2.000000e-02 9.800000e-01 3.831659e-04

4.000000e-02 2.000000e-02 7.506597e-04
4.000000e-02 4.000000e-02 1.470599e-03
4.000000e-02 6.000000e-02 2.159850e-03
4.000000e-02 8.000000e-02 2.818381e-03
4.000000e-02 1.000000e-01 3.446254e-03
4.000000e-02 1.200000e-01 4.043407e-03
4.000000e-02 1.400000e-01 4.609932e-03
4.000000e-02 1.600000e-01 5.145736e-03
4.000000e-02 1.800000e-01 5.650941e-03
4.000000e-02 2.000000e-01 6.125425e-03
4.000000e-02 2.200000e-01 6.569337e-03
4.000000e-02 2.400000e-01 6.982528e-03
4.000000e-02 2.600000e-01 7.365169e-03
4.000000e-02 2.800000e-01 7.717091e-03
4.000000e-02 3.000000e-01 8.038485e-03
4.000000e-02 3.200000e-01 8.329158e-03
4.000000e-02 3.400000e-01 8.589323e-03
4.000000e-02 3.600000e-01 8.818767e-03
4.000000e-02 3.800000e-01 9.017716e-03
4.000000e-02 4.000000e-01 9.185946e-03
4.000000e-02 4.200000e-01 9.323692e-03
4.000000e-02 4.400000e-01 9.430719e-03
4.000000e-02 4.600000e-01 9.507270e-03
4.000000e-02 4.800000e-01 9.553101e-03
4.000000e-02 5.000000e-01 9.568461e-03
4.000000e-02 5.200000e-01 9.553101e-03
4.000000e-02 5.400000e-01 9.507270e-03
4.000000e-02 5.600000e-01 9.430719e-03
4.000000e-02 5.800000e-01 9.323692e-03
4.000000e-02 6.000000e-01 9.185946e-03
4.000000e-02 6.200000e-01 9.017716e-03
4.000000e-02 6.400000e-01 8.818767e-03
4.000000e-02 6.600000e-01 8.589323e-03
4.000000e-02 6.800000e-01 8.329158e-03
4.000000e-02 7.000000e-01 8.038485e-03
4.000000e-02 7.200000e-01 7.717091e-03
4.000000e-02 7.400000e-01 7.365169e-03
4.000000e-02 7.600000e-01 6.982528e-03
4.000000e-02 7.800000e-01 6.569337e-03
4.000000e-02 8.000000e-01 6.125425e-03
4.000000e-02 8.200000e-01 5.650941e-03
4.000000e-02 8.400000e-01 5.145736e-03
4.000000e-02 8.600000e-01 4.609932e-03
4.000000e-02 8.800000e-01 4.043407e-03
4.000000e-02 9.000000e-01 3.446254e-03
4.000000e-02 9.200000e-01 2.818381e-03
4.000000e-02 9.400000e-01 2.159850e-03
4.000000e-02 9.600000e-01 1.470599e-03
4.000000e-02 9.800000e-01 7.506597e-04

6.000000e-02 2.000000e-02 1.102473e-03
6.000000e-02 4.000000e-02 2.159850e-03
6.000000e-02 6.000000e-02 3.172107e-03
6.000000e-02 8.000000e-02 4.139314e-03
6.000000e-02 1.000000e-01 5.061400e-03
6.000000e-02 1.200000e-01 5.938482e-03
6.000000e-02 1.400000e-01 6.770444e-03
6.000000e-02 1.600000e-01 7.557444e-03
6.000000e-02 1.800000e-01 8.299325e-03
6.000000e-02 2.000000e-01 8.996285e-03
6.000000e-02 2.200000e-01 9.648125e-03
6.000000e-02 2.400000e-01 1.025508e-02
6.000000e-02 2.600000e-01 1.081692e-02
6.000000e-02 2.800000e-01 1.133391e-02
6.000000e-02 3.000000e-01 1.180578e-02
6.000000e-02 3.200000e-01 1.223283e-02
6.000000e-02 3.400000e-01 1.261476e-02
6.000000e-02 3.600000e-01 1.295190e-02
6.000000e-02 3.800000e-01 1.324391e-02
6.000000e-02 4.000000e-01 1.349116e-02
6.000000e-02 4.200000e-01 1.369328e-02
6.000000e-02 4.400000e-01 1.385064e-02
6.000000e-02 4.600000e-01 1.396289e-02
6.000000e-02 4.800000e-01 1.403038e-02
6.000000e-02 5.000000e-01 1.405275e-02
6.000000e-02 5.200000e-01 1.403038e-02
6.000000e-02 5.400000e-01 1.396289e-02
6.000000e-02 5.600000e-01 1.385064e-02
6.000000e-02 5.800000e-01 1.369328e-02
6.000000e-02 6.000000e-01 1.349116e-02
6.000000e-02 6.200000e-01 1.324391e-02
6.000000e-02 6.400000e-01 1.295190e-02
6.000000e-02 6.600000e-01 1.261476e-02
6.000000e-02 6.800000e-01 1.223283e-02
6.000000e-02 7.000000e-01 1.180578e-02
6.000000e-02 7.200000e-01 1.133391e-02
6.000000e-02 7.400000e-01 1.081692e-02
6.000000e-02 7.600000e-01 1.025508e-02
6.000000e-02 7.800000e-01 9.648125e-03
6.000000e-02 8.000000e-01 8.996285e-03
6.000000e-02 8.200000e-01 8.299325e-03
6.000000e-02 8.400000e-01 7.557444e-03
6.000000e-02 8.600000e-01 6.770444e-03
6.000000e-02 8.800000e-01 5.938482e-03
6.000000e-02 9.000000e-01 5.061400e-03
6.000000e-02 9.200000e-01 4.139314e-03
6.000000e-02 9.400000e-01 3.172107e-03
6.000000e-02 9.600000e-01 2.159850e-03
6.000000e-02 9.800000e-01 1.102473e-03

8.000000e-02 2.000000e-02 1.438631e-03
8.000000e-02 4.000000e-02 2.818381e-03
8.000000e-02 6.000000e-02 4.139314e-03
8.000000e-02 8.000000e-02 5.401366e-03
8.000000e-02 1.000000e-01 6.604662e-03
8.000000e-02 1.200000e-01 7.749077e-03
8.000000e-02 1.400000e-01 8.834795e-03
8.000000e-02 1.600000e-01 9.861632e-03
8.000000e-02 1.800000e-01 1.082983e-02
8.000000e-02 2.000000e-01 1.173914e-02
8.000000e-02 2.200000e-01 1.258987e-02
8.000000e-02 2.400000e-01 1.338172e-02
8.000000e-02 2.600000e-01 1.411502e-02
8.000000e-02 2.800000e-01 1.478945e-02
8.000000e-02 3.000000e-01 1.540537e-02
8.000000e-02 3.200000e-01 1.596242e-02
8.000000e-02 3.400000e-01 1.646100e-02
8.000000e-02 3.600000e-01 1.690070e-02
8.000000e-02 3.800000e-01 1.728197e-02
8.000000e-02 4.000000e-01 1.760437e-02
8.000000e-02 4.200000e-01 1.786835e-02
8.000000e-02 4.400000e-01 1.807345e-02
8.000000e-02 4.600000e-01 1.822015e-02
8.000000e-02 4.800000e-01 1.830798e-02
8.000000e-02 5.000000e-01 1.833742e-02
8.000000e-02 5.200000e-01 1.830798e-02
8.000000e-02 5.400000e-01 1.822015e-02
8.000000e-02 5.600000e-01 1.807345e-02
8.000000e-02 5.800000e-01 1.786835e-02
8.000000e-02 6.000000e-01 1.760437e-02
8.000000e-02 6.200000e-01 1.728197e-02
8.000000e-02 6.400000e-01 1.690070e-02
8.000000e-02 6.600000e-01 1.646100e-02
8.000000e-02 6.800000e-01 1.596242e-02
8.000000e-02 7.000000e-01 1.540537e-02
8.000000e-02 7.200000e-01 1.478945e-02
8.000000e-02 7.400000e-01 1.411502e-02
8.000000e-02 7.600000e-01 1.338172e-02
8.000000e-02 7.800000e-01 1.258987e-02
8.000000e-02 8.000000e-01 1.173914e-02
8.000000e-02 8.200000e-01 1.082983e-02
8.000000e-02 8.400000e-01 9.861632e-03
8.000000e-02 8.600000e-01 8.834795e-03
8.000000e-02 8.800000e-01 7.749077e-03
8.000000e-02 9.000000e-01 6.604662e-03
8.000000e-02 9.200000e-01 5.401366e-03
8.000000e-02 9.400000e-01 4.139314e-03
8.000000e-02 9.600000e-01 2.818381e-03
8.000000e-02 9.800000e-01 1.438631e-03

1.000000e-01 2.000000e-02 1.759108e-03
1.000000e-01 4.000000e-02 3.446254e-03
1.000000e-01 6.000000e-02 5.061400e-03
1.000000e-01 8.000000e-02 6.604662e-03
1.000000e-01 1.000000e-01 8.075923e-03
1.000000e-01 1.200000e-01 9.475375e-03
1.000000e-01 1.400000e-01 1.080283e-02
1.000000e-01 1.600000e-01 1.205854e-02
1.000000e-01 1.800000e-01 1.324225e-02
1.000000e-01 2.000000e-01 1.435429e-02
1.000000e-01 2.200000e-01 1.539434e-02
1.000000e-01 2.400000e-01 1.636277e-02
1.000000e-01 2.600000e-01 1.725920e-02
1.000000e-01 2.800000e-01 1.808408e-02
1.000000e-01 3.000000e-01 1.883697e-02
1.000000e-01 3.200000e-01 1.951834e-02
1.000000e-01 3.400000e-01 2.012772e-02
1.000000e-01 3.600000e-01 2.066564e-02
1.000000e-01 3.800000e-01 2.113156e-02
1.000000e-01 4.000000e-01 2.152605e-02
1.000000e-01 4.200000e-01 2.184853e-02
1.000000e-01 4.400000e-01 2.209962e-02
1.000000e-01 4.600000e-01 2.227870e-02
1.000000e-01 4.800000e-01 2.238639e-02
1.000000e-01 5.000000e-01 2.242209e-02
1.000000e-01 5.200000e-01 2.238639e-02
1.000000e-01 5.400000e-01 2.227870e-02
1.000000e-01 5.600000e-01 2.209962e-02
1.000000e-01 5.800000e-01 2.184853e-02
1.000000e-01 6.000000e-01 2.152605e-02
1.000000e-01 6.200000e-01 2.113156e-02
1.000000e-01 6.400000e-01 2.066564e-02
1.000000e-01 6.600000e-01 2.012772e-02
1.000000e-01 6.800000e-01 1.951834e-02
1.000000e-01 7.000000e-01 1.883697e-02
1.000000e-01 7.200000e-01 1.808408e-02
1.000000e-01 7.400000e-01 1.725920e-02
1.000000e-01 7.600000e-01 1.636277e-02
1.000000e-01 7.800000e-01 1.539434e-02
1.000000e-01 8.000000e-01 1.435429e-02
1.000000e-01 8.200000e-01 1.324225e-02
1.000000e-01 8.400000e-01 1.205854e-02
1.000000e-01 8.600000e-01 1.080283e-02
1.000000e-01 8.800000e-01 9.475375e-03
1.000000e-01 9.000000e-01 8.075923e-03
1.000000e-01 9.200000e-01 6.604662e-03
1.000000e-01 9.400000e-01 5.061400e-03
1.000000e-01 9.600000e-01 3.446254e-03
1.000000e-01 9.800000e-01 1.759108e-03

1.200000e-01 2.000000e-02 2.063943e-03
1.200000e-01 4.000000e-02 4.043407e-03
1.200000e-01 6.000000e-02 5.938482e-03
1.200000e-01 8.000000e-02 7.749077e-03
1.200000e-01 1.000000e-01 9.475375e-03
1.200000e-01 1.200000e-01 1.111719e-02
1.200000e-01 1.400000e-01 1.267480e-02
1.200000e-01 1.600000e-01 1.414793e-02
1.200000e-01 1.800000e-01 1.553692e-02
1.200000e-01 2.000000e-01 1.684144e-02
1.200000e-01 2.200000e-01 1.806191e-02
1.200000e-01 2.400000e-01 1.919790e-02
1.200000e-01 2.600000e-01 2.024991e-02
1.200000e-01 2.800000e-01 2.121744e-02
1.200000e-01 3.000000e-01 2.210106e-02
1.200000e-01 3.200000e-01 2.290019e-02
1.200000e-01 3.400000e-01 2.361546e-02
1.200000e-01 3.600000e-01 2.424626e-02
1.200000e-01 3.800000e-01 2.479323e-02
1.200000e-01 4.000000e-01 2.525573e-02
1.200000e-01 4.200000e-01 2.563444e-02
1.200000e-01 4.400000e-01 2.592867e-02
1.200000e-01 4.600000e-01 2.613914e-02
1.200000e-01 4.800000e-01 2.626513e-02
1.200000e-01 5.000000e-01 2.630737e-02
1.200000e-01 5.200000e-01 2.626513e-02
1.200000e-01 5.400000e-01 2.613914e-02
1.200000e-01 5.600000e-01 2.592867e-02
1.200000e-01 5.800000e-01 2.563444e-02
1.200000e-01 6.000000e-01 2.525573e-02
1.200000e-01 6.200000e-01 2.479323e-02
1.200000e-01 6.400000e-01 2.424626e-02
1.200000e-01 6.600000e-01 2.361546e-02
1.200000e-01 6.800000e-01 2.290019e-02
1.200000e-01 7.000000e-01 2.210106e-02
1.200000e-01 7.200000e-01 2.121744e-02
1.200000e-01 7.400000e-01 2.024991e-02
1.200000e-01 7.600000e-01 1.919790e-02
1.200000e-01 7.800000e-01 1.806191e-02
1.200000e-01 8.000000e-01 1.684144e-02
1.200000e-01 8.200000e-01 1.553692e-02
1.200000e-01 8.400000e-01 1.414793e-02
1.200000e-01 8.600000e-01 1.267480e-02
1.200000e-01 8.800000e-01 1.111719e-02
1.200000e-01 9.000000e-01 9.475375e-03
1.200000e-01 9.200000e-01 7.749077e-03
1.200000e-01 9.400000e-01 5.938482e-03
1.200000e-01 9.600000e-01 4.043407e-03
1.200000e-01 9.800000e-01 2.063943e-03

1.400000e-01 2.000000e-02 2.353099e-03
1.400000e-01 4.000000e-02 4.609932e-03
1.400000e-01 6.000000e-02 6.770444e-03
1.400000e-01 8.000000e-02 8.834795e-03
1.400000e-01 1.000000e-01 1.080283e-02
1.400000e-01 1.200000e-01 1.267480e-02
1.400000e-01 1.400000e-01 1.445045e-02
1.400000e-01 1.600000e-01 1.613014e-02
1.400000e-01 1.800000e-01 1.771352e-02
1.400000e-01 2.000000e-01 1.920102e-02
1.400000e-01 2.200000e-01 2.059221e-02
1.400000e-01 2.400000e-01 2.188762e-02
1.400000e-01 2.600000e-01 2.308670e-02
1.400000e-01 2.800000e-01 2.419009e-02
1.400000e-01 3.000000e-01 2.519715e-02
1.400000e-01 3.200000e-01 2.610858e-02
1.400000e-01 3.400000e-01 2.692369e-02
1.400000e-01 3.600000e-01 2.764321e-02
1.400000e-01 3.800000e-01 2.826642e-02
1.400000e-01 4.000000e-01 2.879410e-02
1.400000e-01 4.200000e-01 2.922546e-02
1.400000e-01 4.400000e-01 2.956132e-02
1.400000e-01 4.600000e-01 2.980085e-02
1.400000e-01 4.800000e-01 2.994491e-02
1.400000e-01 5.000000e-01 2.999265e-02
1.400000e-01 5.200000e-01 2.994491e-02
1.400000e-01 5.400000e-01 2.980085e-02
1.400000e-01 5.600000e-01 2.956132e-02
1.400000e-01 5.800000e-01 2.922546e-02
1.400000e-01 6.000000e-01 2.879410e-02
1.400000e-01 6.200000e-01 2.826642e-02
1.400000e-01 6.400000e-01 2.764321e-02
1.400000e-01 6.600000e-01 2.692369e-02
1.400000e-01 6.800000e-01 2.610858e-02
1.400000e-01 7.000000e-01 2.519715e-02
1.400000e-01 7.200000e-01 2.419009e-02
1.400000e-01 7.400000e-01 2.308670e-02
1.400000e-01 7.600000e-01 2.188762e-02
1.400000e-01 7.800000e-01 2.059221e-02
1.400000e-01 8.000000e-01 1.920102e-02
1.400000e-01 8.200000e-01 1.771352e-02
1.400000e-01 8.400000e-01 1.613014e-02
1.400000e-01 8.600000e-01 1.445045e-02
1.400000e-01 8.800000e-01 1.267480e-02
1.400000e-01 9.000000e-01 1.080283e-02
1.400000e-01 9.200000e-01 8.834795e-03
1.400000e-01 9.400000e-01 6.770444e-03
1.400000e-01 9.600000e-01 4.609932e-03
1.400000e-01 9.800000e-01 2.353099e-03

1.600000e-01 2.000000e-02 2.626628e-03
1.600000e-01 4.000000e-02 5.145736e-03
1.600000e-01 6.000000e-02 7.557444e-03
1.600000e-01 8.000000e-02 9.861632e-03
1.600000e-01 1.000000e-01 1.205854e-02
1.600000e-01 1.200000e-01 1.414793e-02
1.600000e-01 1.400000e-01 1.613014e-02
1.600000e-01 1.600000e-01 1.800484e-02
1.600000e-01 1.800000e-01 1.977248e-02
1.600000e-01 2.000000e-01 2.143260e-02
1.600000e-01 2.200000e-01 2.298577e-02
1.600000e-01 2.400000e-01 2.443141e-02
1.600000e-01 2.600000e-01 2.577019e-02
1.600000e-01 2.800000e-01 2.700145e-02
1.600000e-01 3.000000e-01 2.812593e-02
1.600000e-01 3.200000e-01 2.914288e-02
1.600000e-01 3.400000e-01 3.005313e-02
1.600000e-01 3.600000e-01 3.085585e-02
1.600000e-01 3.800000e-01 3.155193e-02
1.600000e-01 4.000000e-01 3.214048e-02
1.600000e-01 4.200000e-01 3.262242e-02
1.600000e-01 4.400000e-01 3.299684e-02
1.600000e-01 4.600000e-01 3.326469e-02
1.600000e-01 4.800000e-01 3.342501e-02
1.600000e-01 5.000000e-01 3.347877e-02
1.600000e-01 5.200000e-01 3.342501e-02
1.600000e-01 5.400000e-01 3.326469e-02
1.600000e-01 5.600000e-01 3.299684e-02
1.600000e-01 5.800000e-01 3.262242e-02
1.600000e-01 6.000000e-01 3.214048e-02
1.600000e-01 6.200000e-01 3.155193e-02
1.600000e-01 6.400000e-01 3.085585e-02
1.600000e-01 6.600000e-01 3.005313e-02
1.600000e-01 6.800000e-01 2.914288e-02
1.600000e-01 7.000000e-01 2.812593e-02
1.600000e-01 7.200000e-01 2.700145e-02
1.600000e-01 7.400000e-01 2.577019e-02
1.600000e-01 7.600000e-01 2.443141e-02
1.600000e-01 7.800000e-01 2.298577e-02
1.600000e-01 8.000000e-01 2.143260e-02
1.600000e-01 8.200000e-01 1.977248e-02
1.600000e-01 8.400000e-01 1.800484e-02
1.600000e-01 8.600000e-01 1.613014e-02
1.600000e-01 8.800000e-01 1.414793e-02
1.600000e-01 9.000000e-01 1.205854e-02
1.600000e-01 9.200000e-01 9.861632e-03
1.600000e-01 9.400000e-01 7.557444e-03
1.600000e-01 9.600000e-01 5.145736e-03
1.600000e-01 9.800000e-01 2.626628e-03

1.800000e-01 2.000000e-02 2.884477e-03
1.800000e-01 4.000000e-02 5.650941e-03
1.800000e-01 6.000000e-02 8.299325e-03
1.800000e-01 8.000000e-02 1.082983e-02
1.800000e-01 1.000000e-01 1.324225e-02
1.800000e-01 1.200000e-01 1.553692e-02
1.800000e-01 1.400000e-01 1.771352e-02
1.800000e-01 1.600000e-01 1.977248e-02
1.800000e-01 1.800000e-01 2.171337e-02
1.800000e-01 2.000000e-01 2.353675e-02
1.800000e-01 2.200000e-01 2.524204e-02
1.800000e-01 2.400000e-01 2.682994e-02
1.800000e-01 2.600000e-01 2.829976e-02
1.800000e-01 2.800000e-01 2.965227e-02
1.800000e-01 3.000000e-01 3.088670e-02
1.800000e-01 3.200000e-01 3.200392e-02
1.800000e-01 3.400000e-01 3.300305e-02
1.800000e-01 3.600000e-01 3.388504e-02
1.800000e-01 3.800000e-01 3.464895e-02
1.800000e-01 4.000000e-01 3.529577e-02
1.800000e-01 4.200000e-01 3.582450e-02
1.800000e-01 4.400000e-01 3.623619e-02
1.800000e-01 4.600000e-01 3.652980e-02
1.800000e-01 4.800000e-01 3.670639e-02
1.800000e-01 5.000000e-01 3.676490e-02
1.800000e-01 5.200000e-01 3.670639e-02
1.800000e-01 5.400000e-01 3.652980e-02
1.800000e-01 5.600000e-01 3.623619e-02
1.800000e-01 5.800000e-01 3.582450e-02
1.800000e-01 6.000000e-01 3.529577e-02
1.800000e-01 6.200000e-01 3.464895e-02
1.800000e-01 6.400000e-01 3.388504e-02
1.800000e-01 6.600000e-01 3.300305e-02
1.800000e-01 6.800000e-01 3.200392e-02
1.800000e-01 7.000000e-01 3.088670e-02
1.800000e-01 7.200000e-01 2.965227e-02
1.800000e-01 7.400000e-01 2.829976e-02
1.800000e-01 7.600000e-01 2.682994e-02
1.800000e-01 7.800000e-01 2.524204e-02
1.800000e-01 8.000000e-01 2.353675e-02
1.800000e-01 8.200000e-01 2.171337e-02
1.800000e-01 8.400000e-01 1.977248e-02
1.800000e-01 8.600000e-01 1.771352e-02
1.800000e-01 8.800000e-01 1.553692e-02
1.800000e-01 9.000000e-01 1.324225e-02
1.800000e-01 9.200000e-01 1.082983e-02
1.800000e-01 9.400000e-01 8.299325e-03
1.800000e-01 9.600000e-01 5.650941e-03
1.800000e-01 9.800000e-01 2.884477e-03

2.000000e-01 2.000000e-02 3.126713e-03
2.000000e-01 4.000000e-02 6.125425e-03
2.000000e-01 6.000000e-02 8.996285e-03
2.000000e-01 8.000000e-02 1.173914e-02
2.000000e-01 1.000000e-01 1.435429e-02
2.000000e-01 1.200000e-01 1.684144e-02
2.000000e-01 1.400000e-01 1.920102e-02
2.000000e-01 1.600000e-01 2.143260e-02
2.000000e-01 1.800000e-01 2.353675e-02
2.000000e-01 2.000000e-01 2.551289e-02
2.000000e-01 2.200000e-01 2.736172e-02
2.000000e-01 2.400000e-01 2.908255e-02
2.000000e-01 2.600000e-01 3.067618e-02
2.000000e-01 2.800000e-01 3.214181e-02
2.000000e-01 3.000000e-01 3.348034e-02
2.000000e-01 3.200000e-01 3.469087e-02
2.000000e-01 3.400000e-01 3.577439e-02
2.000000e-01 3.600000e-01 3.672990e-02
2.000000e-01 3.800000e-01 3.755848e-02
2.000000e-01 4.000000e-01 3.825905e-02
2.000000e-01 4.200000e-01 3.883274e-02
2.000000e-01 4.400000e-01 3.927842e-02
2.000000e-01 4.600000e-01 3.959726e-02
2.000000e-01 4.800000e-01 3.978809e-02
2.000000e-01 5.000000e-01 3.985209e-02
2.000000e-01 5.200000e-01 3.978809e-02
2.000000e-01 5.400000e-01 3.959726e-02
2.000000e-01 5.600000e-01 3.927842e-02
2.000000e-01 5.800000e-01 3.883274e-02
2.000000e-01 6.000000e-01 3.825905e-02
2.000000e-01 6.200000e-01 3.755848e-02
2.000000e-01 6.400000e-01 3.672990e-02
2.000000e-01 6.600000e-01 3.577439e-02
2.000000e-01 6.800000e-01 3.469087e-02
2.000000e-01 7.000000e-01 3.348034e-02
2.000000e-01 7.200000e-01 3.214181e-02
2.000000e-01 7.400000e-01 3.067618e-02
2.000000e-01 7.600000e-01 2.908255e-02
2.000000e-01 7.800000e-01 2.736172e-02
2.000000e-01 8.000000e-01 2.551289e-02
2.000000e-01 8.200000e-01 2.353675e-02
2.000000e-01 8.400000e-01 2.143260e-02
2.000000e-01 8.600000e-01 1.920102e-02
2.000000e-01 8.800000e-01 1.684144e-02
2.000000e-01 9.000000e-01 1.435429e-02
2.000000e-01 9.200000e-01 1.173914e-02
2.000000e-01 9.400000e-01 8.996285e-03
2.000000e-01 9.600000e-01 6.125425e-03
2.000000e-01 9.800000e-01 3.126713e-03

2.200000e-01 2.000000e-02 3.353268e-03
2.200000e-01 4.000000e-02 6.569337e-03
2.200000e-01 6.000000e-02 9.648125e-03
2.200000e-01 8.000000e-02 1.258987e-02
2.200000e-01 1.000000e-01 1.539434e-02
2.200000e-01 1.200000e-01 1.806191e-02
2.200000e-01 1.400000e-01 2.059221e-02
2.200000e-01 1.600000e-01 2.298577e-02
2.200000e-01 1.800000e-01 2.524204e-02
2.200000e-01 2.000000e-01 2.736172e-02
2.200000e-01 2.200000e-01 2.934412e-02
2.200000e-01 2.400000e-01 3.119004e-02
2.200000e-01 2.600000e-01 3.289868e-02
2.200000e-01 2.800000e-01 3.447097e-02
2.200000e-01 3.000000e-01 3.590598e-02
2.200000e-01 3.200000e-01 3.720473e-02
2.200000e-01 3.400000e-01 3.836620e-02
2.200000e-01 3.600000e-01 3.939151e-02
2.200000e-01 3.800000e-01 4.027953e-02
2.200000e-01 4.000000e-01 4.103145e-02
2.200000e-01 4.200000e-01 4.164609e-02
2.200000e-01 4.400000e-01 4.212468e-02
2.200000e-01 4.600000e-01 4.246599e-02
2.200000e-01 4.800000e-01 4.267128e-02
2.200000e-01 5.000000e-01 4.273928e-02
2.200000e-01 5.200000e-01 4.267128e-02
2.200000e-01 5.400000e-01 4.246599e-02
2.200000e-01 5.600000e-01 4.212468e-02
2.200000e-01 5.800000e-01 4.164609e-02
2.200000e-01 6.000000e-01 4.103145e-02
2.200000e-01 6.200000e-01 4.027953e-02
2.200000e-01 6.400000e-01 3.939151e-02
2.200000e-01 6.600000e-01 3.836620e-02
2.200000e-01 6.800000e-01 3.720473e-02
2.200000e-01 7.000000e-01 3.590598e-02
2.200000e-01 7.200000e-01 3.447097e-02
2.200000e-01 7.400000e-01 3.289868e-02
2.200000e-01 7.600000e-01 3.119004e-02
2.200000e-01 7.800000e-01 2.934412e-02
2.200000e-01 8.000000e-01 2.736172e-02
2.200000e-01 8.200000e-01 2.524204e-02
2.200000e-01 8.400000e-01 2.298577e-02
2.200000e-01 8.600000e-01 2.059221e-02
2.200000e-01 8.800000e-01 1.806191e-02
2.200000e-01 9.000000e-01 1.539434e-02
2.200000e-01 9.200000e-01 1.258987e-02
2.200000e-01 9.400000e-01 9.648125e-03
2.200000e-01 9.600000e-01 6.569337e-03
2.200000e-01 9.800000e-01 3.353268e-03

2.400000e-01 2.000000e-02 3.564224e-03
2.400000e-01 4.000000e-02 6.982528e-03
2.400000e-01 6.000000e-02 1.025508e-02
2.400000e-01 8.000000e-02 1.338172e-02
2.400000e-01 1.000000e-01 1.636277e-02
2.400000e-01 1.200000e-01 1.919790e-02
2.400000e-01 1.400000e-01 2.188762e-02
2.400000e-01 1.600000e-01 2.443141e-02
2.400000e-01 1.800000e-01 2.682994e-02
2.400000e-01 2.000000e-01 2.908255e-02
2.400000e-01 2.200000e-01 3.119004e-02
2.400000e-01 2.400000e-01 3.315161e-02
2.400000e-01 2.600000e-01 3.496819e-02
2.400000e-01 2.800000e-01 3.663885e-02
2.400000e-01 3.000000e-01 3.816464e-02
2.400000e-01 3.200000e-01 3.954451e-02
2.400000e-01 3.400000e-01 4.077961e-02
2.400000e-01 3.600000e-01 4.186879e-02
2.400000e-01 3.800000e-01 4.281328e-02
2.400000e-01 4.000000e-01 4.361185e-02
2.400000e-01 4.200000e-01 4.426579e-02
2.400000e-01 4.400000e-01 4.477382e-02
2.400000e-01 4.600000e-01 4.513726e-02
2.400000e-01 4.800000e-01 4.535478e-02
2.400000e-01 5.000000e-01 4.542774e-02
2.400000e-01 5.200000e-01 4.535478e-02
2.400000e-01 5.400000e-01 4.513726e-02
2.400000e-01 5.600000e-01 4.477382e-02
2.400000e-01 5.800000e-01 4.426579e-02
2.400000e-01 6.000000e-01 4.361185e-02
2.400000e-01 6.200000e-01 4.281328e-02
2.400000e-01 6.400000e-01 4.186879e-02
2.400000e-01 6.600000e-01 4.077961e-02
2.400000e-01 6.800000e-01 3.954451e-02
2.400000e-01 7.000000e-01 3.816464e-02
2.400000e-01 7.200000e-01 3.663885e-02
2.400000e-01 7.400000e-01 3.496819e-02
2.400000e-01 7.600000e-01 3.315161e-02
2.400000e-01 7.800000e-01 3.119004e-02
2.400000e-01 8.000000e-01 2.908255e-02
2.400000e-01 8.200000e-01 2.682994e-02
2.400000e-01 8.400000e-01 2.443141e-02
2.400000e-01 8.600000e-01 2.188762e-02
2.400000e-01 8.800000e-01 1.919790e-02
2.400000e-01 9.000000e-01 1.636277e-02
2.400000e-01 9.200000e-01 1.338172e-02
2.400000e-01 9.400000e-01 1.025508e-02
2.400000e-01 9.600000e-01 6.982528e-03
2.400000e-01 9.800000e-01 3.564224e-03

2.600000e-01 2.000000e-02 3.759499e-03
2.600000e-01 4.000000e-02 7.365169e-03
2.600000e-01 6.000000e-02 1.081692e-02
2.600000e-01 8.000000e-02 1.411502e-02
2.600000e-01 1.000000e-01 1.725920e-02
2.600000e-01 1.200000e-01 2.024991e-02
2.600000e-01 1.400000e-01 2.308670e-02
2.600000e-01 1.600000e-01 2.577019e-02
2.600000e-01 1.800000e-01 2.829976e-02
2.600000e-01 2.000000e-01 3.067618e-02
2.600000e-01 2.200000e-01 3.289868e-02
2.600000e-01 2.400000e-01 3.496819e-02
2.600000e-01 2.600000e-01 3.688378e-02
2.600000e-01 2.800000e-01 3.864650e-02
2.600000e-01 3.000000e-01 4.025530e-02
2.600000e-01 3.200000e-01 4.171136e-02
2.600000e-01 3.400000e-01 4.301350e-02
2.600000e-01 3.600000e-01 4.416298e-02
2.600000e-01 3.800000e-01 4.515855e-02
2.600000e-01 4.000000e-01 4.600154e-02
2.600000e-01 4.200000e-01 4.669062e-02
2.600000e-01 4.400000e-01 4.722717e-02
2.600000e-01 4.600000e-01 4.760981e-02
2.600000e-01 4.800000e-01 4.783997e-02
2.600000e-01 5.000000e-01 4.791620e-02
2.600000e-01 5.200000e-01 4.783997e-02
2.600000e-01 5.400000e-01 4.760981e-02
2.600000e-01 5.600000e-01 4.722717e-02
2.600000e-01 5.800000e-01 4.669062e-02
2.600000e-01 6.000000e-01 4.600154e-02
2.600000e-01 6.200000e-01 4.515855e-02
2.600000e-01 6.400000e-01 4.416298e-02
2.600000e-01 6.600000e-01 4.301350e-02
2.600000e-01 6.800000e-01 4.171136e-02
2.600000e-01 7.000000e-01 4.025530e-02
2.600000e-01 7.200000e-01 3.864650e-02
2.600000e-01 7.400000e-01 3.688378e-02
2.600000e-01 7.600000e-01 3.496819e-02
2.600000e-01 7.800000e-01 3.289868e-02
2.600000e-01 8.000000e-01 3.067618e-02
2.600000e-01 8.200000e-01 2.829976e-02
2.600000e-01 8.400000e-01 2.577019e-02
2.600000e-01 8.600000e-01 2.308670e-02
2.600000e-01 8.800000e-01 2.024991e-02
2.600000e-01 9.000000e-01 1.725920e-02
2.600000e-01 9.200000e-01 1.411502e-02
2.600000e-01 9.400000e-01 1.081692e-02
2.600000e-01 9.600000e-01 7.365169e-03
2.600000e-01 9.800000e-01 3.759499e-03

2.800000e-01 2.000000e-02 3.939186e-03
2.800000e-01 4.000000e-02 7.717091e-03
2.800000e-01 6.000000e-02 1.133391e-02
2.800000e-01 8.000000e-02 1.478945e-02
2.800000e-01 1.000000e-01 1.808408e-02
2.800000e-01 1.200000e-01 2.121744e-02
2.800000e-01 1.400000e-01 2.419009e-02
2.800000e-01 1.600000e-01 2.700145e-02
2.800000e-01 1.800000e-01 2.965227e-02
2.800000e-01 2.000000e-01 3.214181e-02
2.800000e-01 2.200000e-01 3.447097e-02
2.800000e-01 2.400000e-01 3.663885e-02
2.800000e-01 2.600000e-01 3.864650e-02
2.800000e-01 2.800000e-01 4.049287e-02
2.800000e-01 3.000000e-01 4.217914e-02
2.800000e-01 3.200000e-01 4.370413e-02
2.800000e-01 3.400000e-01 4.506913e-02
2.800000e-01 3.600000e-01 4.627286e-02
2.800000e-01 3.800000e-01 4.731669e-02
2.800000e-01 4.000000e-01 4.819923e-02
2.800000e-01 4.200000e-01 4.892196e-02
2.800000e-01 4.400000e-01 4.948341e-02
2.800000e-01 4.600000e-01 4.988508e-02
2.800000e-01 4.800000e-01 5.012547e-02
2.800000e-01 5.000000e-01 5.020611e-02
2.800000e-01 5.200000e-01 5.012547e-02
2.800000e-01 5.400000e-01 4.988508e-02
2.800000e-01 5.600000e-01 4.948341e-02
2.800000e-01 5.800000e-01 4.892196e-02
2.800000e-01 6.000000e-01 4.819923e-02
2.800000e-01 6.200000e-01 4.731669e-02
2.800000e-01 6.400000e-01 4.627286e-02
2.800000e-01 6.600000e-01 4.506913e-02
2.800000e-01 6.800000e-01 4.370413e-02
2.800000e-01 7.000000e-01 4.217914e-02
2.800000e-01 7.200000e-01 4.049287e-02
2.800000e-01 7.400000e-01 3.864650e-02
2.800000e-01 7.600000e-01 3.663885e-02
2.800000e-01 7.800000e-01 3.447097e-02
2.800000e-01 8.000000e-01 3.214181e-02
2.800000e-01 8.200000e-01 2.965227e-02
2.800000e-01 8.400000e-01 2.700145e-02
2.800000e-01 8.600000e-01 2.419009e-02
2.800000e-01 8.800000e-01 2.121744e-02
2.800000e-01 9.000000e-01 1.808408e-02
2.800000e-01 9.200000e-01 1.478945e-02
2.800000e-01 9.400000e-01 1.133391e-02
2.800000e-01 9.600000e-01 7.717091e-03
2.800000e-01 9.800000e-01 3.939186e-03

3.000000e-01 2.000000e-02 4.103192e-03
3.000000e-01 4.000000e-02 8.038485e-03
3.000000e-01 6.000000e-02 1.180578e-02
3.000000e-01 8.000000e-02 1.540537e-02
3.000000e-01 1.000000e-01 1.883697e-02
3.000000e-01 1.200000e-01 2.210106e-02
3.000000e-01 1.400000e-01 2.519715e-02
3.000000e-01 1.600000e-01 2.812593e-02
3.000000e-01 1.800000e-01 3.088670e-02
3.000000e-01 2.000000e-01 3.348034e-02
3.000000e-01 2.200000e-01 3.590598e-02
3.000000e-01 2.400000e-01 3.816464e-02
3.000000e-01 2.600000e-01 4.025530e-02
3.000000e-01 2.800000e-01 4.217914e-02
3.000000e-01 3.000000e-01 4.393498e-02
3.000000e-01 3.200000e-01 4.552411e-02
3.000000e-01 3.400000e-01 4.694525e-02
3.000000e-01 3.600000e-01 4.819980e-02
3.000000e-01 3.800000e-01 4.928634e-02
3.000000e-01 4.000000e-01 5.020638e-02
3.000000e-01 4.200000e-01 5.095843e-02
3.000000e-01 4.400000e-01 5.154403e-02
3.000000e-01 4.600000e-01 5.196163e-02
3.000000e-01 4.800000e-01 5.221282e-02
3.000000e-01 5.000000e-01 5.229602e-02
3.000000e-01 5.200000e-01 5.221282e-02
3.000000e-01 5.400000e-01 5.196163e-02
3.000000e-01 5.600000e-01 5.154403e-02
3.000000e-01 5.800000e-01 5.095843e-02
3.000000e-01 6.000000e-01 5.020638e-02
3.000000e-01 6.200000e-01 4.928634e-02
3.000000e-01 6.400000e-01 4.819980e-02
3.000000e-01 6.600000e-01 4.694525e-02
3.000000e-01 6.800000e-01 4.552411e-02
3.000000e-01 7.000000e-01 4.393498e-02
3.000000e-01 7.200000e-01 4.217914e-02
3.000000e-01 7.400000e-01 4.025530e-02
3.000000e-01 7.600000e-01 3.816464e-02
3.000000e-01 7.800000e-01 3.590598e-02
3.000000e-01 8.000000e-01 3.348034e-02
3.000000e-01 8.200000e-01 3.088670e-02
3.000000e-01 8.400000e-01 2.812593e-02
3.000000e-01 8.600000e-01 2.519715e-02
3.000000e-01 8.800000e-01 2.210106e-02
3.000000e-01 9.000000e-01 1.883697e-02
3.000000e-01 9.200000e-01 1.540537e-02
3.000000e-01 9.400000e-01 1.180578e-02
3.000000e-01 9.600000e-01 8.038485e-03
3.000000e-01 9.800000e-01 4.103192e-03

3.200000e-01 2.000000e-02 4.251619e-03
3.200000e-01 4.000000e-02 8.329158e-03
3.200000e-01 6.000000e-02 1.223283e-02
3.200000e-01 8.000000e-02 1.596242e-02
3.200000e-01 1.000000e-01 1.951834e-02
3.200000e-01 1.200000e-01 2.290019e-02
3.200000e-01 1.400000e-01 2.610858e-02
3.200000e-01 1.600000e-01 2.914288e-02
3.200000e-01 1.800000e-01 3.200392e-02
3.200000e-01 2.000000e-01 3.469087e-02
3.200000e-01 2.200000e-01 3.720473e-02
3.200000e-01 2.400000e-01 3.954451e-02
3.200000e-01 2.600000e-01 4.171136e-02
3.200000e-01 2.800000e-01 4.370413e-02
3.200000e-01 3.000000e-01 4.552411e-02
3.200000e-01 3.200000e-01 4.717002e-02
3.200000e-01 3.400000e-01 4.864326e-02
3.200000e-01 3.600000e-01 4.994242e-02
3.200000e-01 3.800000e-01 5.106902e-02
3.200000e-01 4.000000e-01 5.202153e-02
3.200000e-01 4.200000e-01 5.280157e-02
3.200000e-01 4.400000e-01 5.340753e-02
3.200000e-01 4.600000e-01 5.384105e-02
3.200000e-01 4.800000e-01 5.410050e-02
3.200000e-01 5.000000e-01 5.418754e-02
3.200000e-01 5.200000e-01 5.410050e-02
3.200000e-01 5.400000e-01 5.384105e-02
3.200000e-01 5.600000e-01 5.340753e-02
3.200000e-01 5.800000e-01 5.280157e-02
3.200000e-01 6.000000e-01 5.202153e-02
3.200000e-01 6.200000e-01 5.106902e-02
3.200000e-01 6.400000e-01 4.994242e-02
3.200000e-01 6.600000e-01 4.864326e-02
3.200000e-01 6.800000e-01 4.717002e-02
3.200000e-01 7.000000e-01 4.552411e-02
3.200000e-01 7.200000e-01 4.370413e-02
3.200000e-01 7.400000e-01 4.171136e-02
3.200000e-01 7.600000e-01 3.954451e-02
3.200000e-01 7.800000e-01 3.720473e-02
3.200000e-01 8.000000e-01 3.469087e-02
3.200000e-01 8.200000e-01 3.200392e-02
3.200000e-01 8.400000e-01 2.914288e-02
3.200000e-01 8.600000e-01 2.610858e-02
3.200000e-01 8.800000e-01 2.290019e-02
3.200000e-01 9.000000e-01 1.951834e-02
3.200000e-01 9.200000e-01 1.596242e-02
3.200000e-01 9.400000e-01 1.223283e-02
3.200000e-01 9.600000e-01 8.329158e-03
3.200000e-01 9.800000e-01 4.251619e-03

3.400000e-01 2.000000e-02 4.384367e-03
3.400000e-01 4.000000e-02 8.589323e-03
3.400000e-01 6.000000e-02 1.261476e-02
3.400000e-01 8.000000e-02 1.646100e-02
3.400000e-01 1.000000e-01 2.012772e-02
3.400000e-01 1.200000e-01 2.361546e-02
3.400000e-01 1.400000e-01 2.692369e-02
3.400000e-01 1.600000e-01 3.005313e-02
3.400000e-01 1.800000e-01 3.300305e-02
3.400000e-01 2.000000e-01 3.577439e-02
3.400000e-01 2.200000e-01 3.836620e-02
3.400000e-01 2.400000e-01 4.077961e-02
3.400000e-01 2.600000e-01 4.301350e-02
3.400000e-01 2.800000e-01 4.506913e-02
3.400000e-01 3.000000e-01 4.694525e-02
3.400000e-01 3.200000e-01 4.864326e-02
3.400000e-01 3.400000e-01 5.016174e-02
3.400000e-01 3.600000e-01 5.150224e-02
3.400000e-01 3.800000e-01 5.266321e-02
3.400000e-01 4.000000e-01 5.364628e-02
3.400000e-01 4.200000e-01 5.444983e-02
3.400000e-01 4.400000e-01 5.507555e-02
3.400000e-01 4.600000e-01 5.552175e-02
3.400000e-01 4.800000e-01 5.579016e-02
3.400000e-01 5.000000e-01 5.587905e-02
3.400000e-01 5.200000e-01 5.579016e-02
3.400000e-01 5.400000e-01 5.552175e-02
3.400000e-01 5.600000e-01 5.507555e-02
3.400000e-01 5.800000e-01 5.444983e-02
3.400000e-01 6.000000e-01 5.364628e-02
3.400000e-01 6.200000e-01 5.266321e-02
3.400000e-01 6.400000e-01 5.150224e-02
3.400000e-01 6.600000e-01 5.016174e-02
3.400000e-01 6.800000e-01 4.864326e-02
3.400000e-01 7.000000e-01 4.694525e-02
3.400000e-01 7.200000e-01 4.506913e-02
3.400000e-01 7.400000e-01 4.301350e-02
3.400000e-01 7.600000e-01 4.077961e-02
3.400000e-01 7.800000e-01 3.836620e-02
3.400000e-01 8.000000e-01 3.577439e-02
3.400000e-01 8.200000e-01 3.300305e-02
3.400000e-01 8.400000e-01 3.005313e-02
3.400000e-01 8.600000e-01 2.692369e-02
3.400000e-01 8.800000e-01 2.361546e-02
3.400000e-01 9.000000e-01 2.012772e-02
3.400000e-01 9.200000e-01 1.646100e-02
3.400000e-01 9.400000e-01 1.261476e-02
3.400000e-01 9.600000e-01 8.589323e-03
3.400000e-01 9.800000e-01 4.384367e-03

3.600000e-01 2.000000e-02 4.501543e-03
3.600000e-01 4.000000e-02 8.818767e-03
3.600000e-01 6.000000e-02 1.295190e-02
3.600000e-01 8.000000e-02 1.690070e-02
3.600000e-01 1.000000e-01 2.066564e-02
3.600000e-01 1.200000e-01 2.424626e-02
3.600000e-01 1.400000e-01 2.764321e-02
3.600000e-01 1.600000e-01 3.085585e-02
3.600000e-01 1.800000e-01 3.388504e-02
3.600000e-01 2.000000e-01 3.672990e-02
3.600000e-01 2.200000e-01 3.939151e-02
3.600000e-01 2.400000e-01 4.186879e-02
3.600000e-01 2.600000e-01 4.416298e-02
3.600000e-01 2.800000e-01 4.627286e-02
3.600000e-01 3.000000e-01 4.819980e-02
3.600000e-01 3.200000e-01 4.994242e-02
3.600000e-01 3.400000e-01 5.150224e-02
3.600000e-01 3.600000e-01 5.287773e-02
3.600000e-01 3.800000e-01 5.407054e-02
3.600000e-01 4.000000e-01 5.507903e-02
3.600000e-01 4.200000e-01 5.590490e-02
3.600000e-01 4.400000e-01 5.654646e-02
3.600000e-01 4.600000e-01 5.700547e-02
3.600000e-01 4.800000e-01 5.728015e-02
3.600000e-01 5.000000e-01 5.737231e-02
3.600000e-01 5.200000e-01 5.728015e-02
3.600000e-01 5.400000e-01 5.700547e-02
3.600000e-01 5.600000e-01 5.654646e-02
3.600000e-01 5.800000e-01 5.590490e-02
3.600000e-01 6.000000e-01 5.507903e-02
3.600000e-01 6.200000e-01 5.407054e-02
3.600000e-01 6.400000e-01 5.287773e-02
3.600000e-01 6.600000e-01 5.150224e-02
3.600000e-01 6.800000e-01 4.994242e-02
3.600000e-01 7.000000e-01 4.819980e-02
3.600000e-01 7.200000e-01 4.627286e-02
3.600000e-01 7.400000e-01 4.416298e-02
3.600000e-01 7.600000e-01 4.186879e-02
3.600000e-01 7.800000e-01 3.939151e-02
3.600000e-01 8.000000e-01 3.672990e-02
3.600000e-01 8.200000e-01 3.388504e-02
3.600000e-01 8.400000e-01 3.085585e-02
3.600000e-01 8.600000e-01 2.764321e-02
3.600000e-01 8.800000e-01 2.424626e-02
3.600000e-01 9.000000e-01 2.066564e-02
3.600000e-01 9.200000e-01 1.690070e-02
3.600000e-01 9.400000e-01 1.295190e-02
3.600000e-01 9.600000e-01 8.818767e-03
3.600000e-01 9.800000e-01 4.501543e-03

3.800000e-01 2.000000e-02 4.603040e-03
3.800000e-01 4.000000e-02 9.017716e-03
3.800000e-01 6.000000e-02 1.324391e-02
3.800000e-01 8.000000e-02 1.728197e-02
3.800000e-01 1.000000e-01 2.113156e-02
3.800000e-01 1.200000e-01 2.479323e-02
3.800000e-01 1.400000e-01 2.826642e-02
3.800000e-01 1.600000e-01 3.155193e-02
3.800000e-01 1.800000e-01 3.464895e-02
3.800000e-01 2.000000e-01 3.755848e-02
3.800000e-01 2.200000e-01 4.027953e-02
3.800000e-01 2.400000e-01 4.281328e-02
3.800000e-01 2.600000e-01 4.515855e-02
3.800000e-01 2.800000e-01 4.731669e-02
3.800000e-01 3.000000e-01 4.928634e-02
3.800000e-01 3.200000e-01 5.106902e-02
3.800000e-01 3.400000e-01 5.266321e-02
3.800000e-01 3.600000e-01 5.407054e-02
3.800000e-01 3.800000e-01 5.528939e-02
3.800000e-01 4.000000e-01 5.632148e-02
3.800000e-01 4.200000e-01 5.716510e-02
3.800000e-01 4.400000e-01 5.782202e-02
3.800000e-01 4.600000e-01 5.829046e-02
3.800000e-01 4.800000e-01 5.857225e-02
3.800000e-01 5.000000e-01 5.866557e-02
3.800000e-01 5.200000e-01 5.857225e-02
3.800000e-01 5.400000e-01 5.829046e-02
3.800000e-01 5.600000e-01 5.782202e-02
3.800000e-01 5.800000e-01 5.716510e-02
3.800000e-01 6.000000e-01 5.632148e-02
3.800000e-01 6.200000e-01 5.528939e-02
3.800000e-01 6.400000e-01 5.407054e-02
3.800000e-01 6.600000e-01 5.266321e-02
3.800000e-01 6.800000e-01 5.106902e-02
3.800000e-01 7.000000e-01 4.928634e-02
3.800000e-01 7.200000e-01 4.731669e-02
3.800000e-01 7.400000e-01 4.515855e-02
3.800000e-01 7.600000e-01 4.281328e-02
3.800000e-01 7.800000e-01 4.027953e-02
3.800000e-01 8.000000e-01 3.755848e-02
3.800000e-01 8.200000e-01 3.464895e-02
3.800000e-01 8.400000e-01 3.155193e-02
3.800000e-01 8.600000e-01 2.826642e-02
3.800000e-01 8.800000e-01 2.479323e-02
3.800000e-01 9.000000e-01 2.113156e-02
3.800000e-01 9.200000e-01 1.728197e-02
3.800000e-01 9.400000e-01 1.324391e-02
3.800000e-01 9.600000e-01 9.017716e-03
3.800000e-01 9.800000e-01 4.603040e-03

4.000000e-01 2.000000e-02 4.688973e-03
4.000000e-01 4.000000e-02 9.185946e-03
4.000000e-01 6.000000e-02 1.349116e-02
4.000000e-01 8.000000e-02 1.760437e-02
4.000000e-01 1.000000e-01 2.152605e-02
4.000000e-01 1.200000e-01 2.525573e-02
4.000000e-01 1.400000e-01 2.879410e-02
4.000000e-01 1.600000e-01 3.214048e-02
4.000000e-01 1.800000e-01 3.529577e-02
4.000000e-01 2.000000e-01 3.825905e-02
4.000000e-01 2.200000e-01 4.103145e-02
4.000000e-01 2.400000e-01 4.361185e-02
4.000000e-01 2.600000e-01 4.600154e-02
4.000000e-01 2.800000e-01 4.819923e-02
4.000000e-01 3.000000e-01 5.020638e-02
4.000000e-01 3.200000e-01 5.202153e-02
4.000000e-01 3.400000e-01 5.364628e-02
4.000000e-01 3.600000e-01 5.507903e-02
4.000000e-01 3.800000e-01 5.632148e-02
4.000000e-01 4.000000e-01 5.737194e-02
4.000000e-01 4.200000e-01 5.823220e-02
4.000000e-01 4.400000e-01 5.890045e-02
4.000000e-01 4.600000e-01 5.937857e-02
4.000000e-01 4.800000e-01 5.966468e-02
4.000000e-01 5.000000e-01 5.976068e-02
4.000000e-01 5.200000e-01 5.966468e-02
4.000000e-01 5.400000e-01 5.937857e-02
4.000000e-01 5.600000e-01 5.890045e-02
4.000000e-01 5.800000e-01 5.823220e-02
4.000000e-01 6.000000e-01 5.737194e-02
4.000000e-01 6.200000e-01 5.632148e-02
4.000000e-01 6.400000e-01 5.507903e-02
4.000000e-01 6.600000e-01 5.364628e-02
4.000000e-01 6.800000e-01 5.202153e-02
4.000000e-01 7.000000e-01 5.020638e-02
4.000000e-01 7.200000e-01 4.819923e-02
4.000000e-01 7.400000e-01 4.600154e-02
4.000000e-01 7.600000e-01 4.361185e-02
4.000000e-01 7.800000e-01 4.103145e-02
4.000000e-01 8.000000e-01 3.825905e-02
4.000000e-01 8.200000e-01 3.529577e-02
4.000000e-01 8.400000e-01 3.214048e-02
4.000000e-01 8.600000e-01 2.879410e-02
4.000000e-01 8.800000e-01 2.525573e-02
4.000000e-01 9.000000e-01 2.152605e-02
4.000000e-01 9.200000e-01 1.760437e-02
4.000000e-01 9.400000e-01 1.349116e-02
4.000000e-01 9.600000e-01 9.185946e-03
4.000000e-01 9.800000e-01 4.688973e-03

4.200000e-01 2.000000e-02 4.759226e-03
4.200000e-01 4.000000e-02 9.323692e-03
4.200000e-01 6.000000e-02 1.369328e-02
4.200000e-01 8.000000e-02 1.786835e-02
4.200000e-01 1.000000e-01 2.184853e-02
4.200000e-01 1.200000e-01 2.563444e-02
4.200000e-01 1.400000e-01 2.922546e-02
4.200000e-01 1.600000e-01 3.262242e-02
4.200000e-01 1.800000e-01 3.582450e-02
4.200000e-01 2.000000e-01 3.883274e-02
4.200000e-01 2.200000e-01 4.164609e-02
4.200000e-01 2.400000e-01 4.426579e-02
4.200000e-01 2.600000e-01 4.669062e-02
4.200000e-01 2.800000e-01 4.892196e-02
4.200000e-01 3.000000e-01 5.095843e-02
4.200000e-01 3.200000e-01 5.280157e-02
4.200000e-01 3.400000e-01 5.444983e-02
4.200000e-01 3.600000e-01 5.590490e-02
4.200000e-01 3.800000e-01 5.716510e-02
4.200000e-01 4.000000e-01 5.823220e-02
4.200000e-01 4.200000e-01 5.910442e-02
4.200000e-01 4.400000e-01 5.978363e-02
4.200000e-01 4.600000e-01 6.026795e-02
4.200000e-01 4.800000e-01 6.055931e-02
4.200000e-01 5.000000e-01 6.065579e-02
4.200000e-01 5.200000e-01 6.055931e-02
4.200000e-01 5.400000e-01 6.026795e-02
4.200000e-01 5.600000e-01 5.978363e-02
4.200000e-01 5.800000e-01 5.910442e-02
4.200000e-01 6.000000e-01 5.823220e-02
4.200000e-01 6.200000e-01 5.716510e-02
4.200000e-01 6.400000e-01 5.590490e-02
4.200000e-01 6.600000e-01 5.444983e-02
4.200000e-01 6.800000e-01 5.280157e-02
4.200000e-01 7.000000e-01 5.095843e-02
4.200000e-01 7.200000e-01 4.892196e-02
4.200000e-01 7.400000e-01 4.669062e-02
4.200000e-01 7.600000e-01 4.426579e-02
4.200000e-01 7.800000e-01 4.164609e-02
4.200000e-01 8.000000e-01 3.883274e-02
4.200000e-01 8.200000e-01 3.582450e-02
4.200000e-01 8.400000e-01 3.262242e-02
4.200000e-01 8.600000e-01 2.922546e-02
4.200000e-01 8.800000e-01 2.563444e-02
4.200000e-01 9.000000e-01 2.184853e-02
4.200000e-01 9.200000e-01 1.786835e-02
4.200000e-01 9.400000e-01 1.369328e-02
4.200000e-01 9.600000e-01 9.323692e-03
4.200000e-01 9.800000e-01 4.759226e-03

4.400000e-01 2.000000e-02 4.813919e-03
4.400000e-01 4.000000e-02 9.430719e-03
4.400000e-01 6.000000e-02 1.385064e-02
4.400000e-01 8.000000e-02 1.807345e-02
4.400000e-01 1.000000e-01 2.209962e-02
4.400000e-01 1.200000e-01 2.592867e-02
4.400000e-01 1.400000e-01 2.956132e-02
4.400000e-01 1.600000e-01 3.299684e-02
4.400000e-01 1.800000e-01 3.623619e-02
4.400000e-01 2.000000e-01 3.927842e-02
4.400000e-01 2.200000e-01 4.212468e-02
4.400000e-01 2.400000e-01 4.477382e-02
4.400000e-01 2.600000e-01 4.722717e-02
4.400000e-01 2.800000e-01 4.948341e-02
4.400000e-01 3.000000e-01 5.154403e-02
4.400000e-01 3.200000e-01 5.340753e-02
4.400000e-01 3.400000e-01 5.507555e-02
4.400000e-01 3.600000e-01 5.654646e-02
4.400000e-01 3.800000e-01 5.782202e-02
4.400000e-01 4.000000e-01 5.890045e-02
4.400000e-01 4.200000e-01 5.978363e-02
4.400000e-01 4.400000e-01 6.046968e-02
4.400000e-01 4.600000e-01 6.096053e-02
4.400000e-01 4.800000e-01 6.125426e-02
4.400000e-01 5.000000e-01 6.135282e-02
4.400000e-01 5.200000e-01 6.125426e-02
4.400000e-01 5.400000e-01 6.096053e-02
4.400000e-01 5.600000e-01 6.046968e-02
4.400000e-01 5.800000e-01 5.978363e-02
4.400000e-01 6.000000e-01 5.890045e-02
4.400000e-01 6.200000e-01 5.782202e-02
4.400000e-01 6.400000e-01 5.654646e-02
4.400000e-01 6.600000e-01 5.507555e-02
4.400000e-01 6.800000e-01 5.340753e-02
4.400000e-01 7.000000e-01 5.154403e-02
4.400000e-01 7.200000e-01 4.948341e-02
4.400000e-01 7.400000e-01 4.722717e-02
4.400000e-01 7.600000e-01 4.477382e-02
4.400000e-01 7.800000e-01 4.212468e-02
4.400000e-01 8.000000e-01 3.927842e-02
4.400000e-01 8.200000e-01 3.623619e-02
4.400000e-01 8.400000e-01 3.299684e-02
4.400000e-01 8.600000e-01 2.956132e-02
4.400000e-01 8.800000e-01 2.592867e-02
4.400000e-01 9.000000e-01 2.209962e-02
4.400000e-01 9.200000e-01 1.807345e-02
4.400000e-01 9.400000e-01 1.385064e-02
4.400000e-01 9.600000e-01 9.430719e-03
4.400000e-01 9.800000e-01 4.813919e-03

4.600000e-01 2.000000e-02 4.852933e-03
4.600000e-01 4.000000e-02 9.507270e-03
4.600000e-01 6.000000e-02 1.396289e-02
4.600000e-01 8.000000e-02 1.822015e-02
4.600000e-01 1.000000e-01 2.227870e-02
4.600000e-01 1.200000e-01 2.613914e-02
4.600000e-01 1.400000e-01 2.980085e-02
4.600000e-01 1.600000e-01 3.326469e-02
4.600000e-01 1.800000e-01 3.652980e-02
4.600000e-01 2.000000e-01 3.959726e-02
4.600000e-01 2.200000e-01 4.246599e-02
4.600000e-01 2.400000e-01 4.513726e-02
4.600000e-01 2.600000e-01 4.760981e-02
4.600000e-01 2.800000e-01 4.988508e-02
4.600000e-01 3.000000e-01 5.196163e-02
4.600000e-01 3.200000e-01 5.384105e-02
4.600000e-01 3.400000e-01 5.552175e-02
4.600000e-01 3.600000e-01 5.700547e-02
4.600000e-01 3.800000e-01 5.829046e-02
4.600000e-01 4.000000e-01 5.937857e-02
4.600000e-01 4.200000e-01 6.026795e-02
4.600000e-01 4.400000e-01 6.096053e-02
4.600000e-01 4.600000e-01 6.145439e-02
4.600000e-01 4.800000e-01 6.175148e-02
4.600000e-01 5.000000e-01 6.184985e-02
4.600000e-01 5.200000e-01 6.175148e-02
4.600000e-01 5.400000e-01 6.145439e-02
4.600000e-01 5.600000e-01 6.096053e-02
4.600000e-01 5.800000e-01 6.026795e-02
4.600000e-01 6.000000e-01 5.937857e-02
4.600000e-01 6.200000e-01 5.829046e-02
4.600000e-01 6.400000e-01 5.700547e-02
4.600000e-01 6.600000e-01 5.552175e-02
4.600000e-01 6.800000e-01 5.384105e-02
4.600000e-01 7.000000e-01 5.196163e-02
4.600000e-01 7.200000e-01 4.988508e-02
4.600000e-01 7.400000e-01 4.760981e-02
4.600000e-01 7.600000e-01 4.513726e-02
4.600000e-01 7.800000e-01 4.246599e-02
4.600000e-01 8.000000e-01 3.959726e-02
4.600000e-01 8.200000e-01 3.652980e-02
4.600000e-01 8.400000e-01 3.326469e-02
4.600000e-01 8.600000e-01 2.980085e-02
4.600000e-01 8.800000e-01 2.613914e-02
4.600000e-01 9.000000e-01 2.227870e-02
4.600000e-01 9.200000e-01 1.822015e-02
4.600000e-01 9.400000e-01 1.396289e-02
4.600000e-01 9.600000e-01 9.507270e-03
4.600000e-01 9.800000e-01 4.852933e-03

4.800000e-01 2.000000e-02 4.876391e-03
4.800000e-01 4.000000e-02 9.553101e-03
4.800000e-01 6.000000e-02 1.403038e-02
4.800000e-01 8.000000e-02 1.830798e-02
4.800000e-01 1.000000e-01 2.238639e-02
4.800000e-01 1.200000e-01 2.626513e-02
4.800000e-01 1.400000e-01 2.994491e-02
4.800000e-01 1.600000e-01 3.342501e-02
4.800000e-01 1.800000e-01 3.670639e-02
4.800000e-01 2.000000e-01 3.978809e-02
4.800000e-01 2.200000e-01 4.267128e-02
4.800000e-01 2.400000e-01 4.535478e-02
4.800000e-01 2.600000e-01 4.783997e-02
4.800000e-01 2.800000e-01 5.012547e-02
4.800000e-01 3.000000e-01 5.221282e-02
4.800000e-01 3.200000e-01 5.410050e-02
4.800000e-01 3.400000e-01 5.579016e-02
4.800000e-01 3.600000e-01 5.728015e-02
4.800000e-01 3.800000e-01 5.857225e-02
4.800000e-01 4.000000e-01 5.966468e-02
4.800000e-01 4.200000e-01 6.055931e-02
4.800000e-01 4.400000e-01 6.125426e-02
4.800000e-01 4.600000e-01 6.175148e-02
4.800000e-01 4.800000e-01 6.204902e-02
4.800000e-01 5.000000e-01 6.214886e-02
4.800000e-01 5.200000e-01 6.204902e-02
4.800000e-01 5.400000e-01 6.175148e-02
4.800000e-01 5.600000e-01 6.125426e-02
4.800000e-01 5.800000e-01 6.055931e-02
4.800000e-01 6.000000e-01 5.966468e-02
4.800000e-01 6.200000e-01 5.857225e-02
4.800000e-01 6.400000e-01 5.728015e-02
4.800000e-01 6.600000e-01 5.579016e-02
4.800000e-01 6.800000e-01 5.410050e-02
4.800000e-01 7.000000e-01 5.221282e-02
4.800000e-01 7.200000e-01 5.012547e-02
4.800000e-01 7.400000e-01 4.783997e-02
4.800000e-01 7.600000e-01 4.535478e-02
4.800000e-01 7.800000e-01 4.267128e-02
4.800000e-01 8.000000e-01 3.978809e-02
4.800000e-01 8.200000e-01 3.670639e-02
4.800000e-01 8.400000e-01 3.342501e-02
4.800000e-01 8.600000e-01 2.994491e-02
4.800000e-01 8.800000e-01 2.626513e-02
4.800000e-01 9.000000e-01 2.238639e-02
4.800000e-01 9.200000e-01 1.830798e-02
4.800000e-01 9.400000e-01 1.403038e-02
4.800000e-01 9.600000e-01 9.553101e-03
4.800000e-01 9.800000e-01 4.876391e-03

5.000000e-01 2.000000e-02 4.884168e-03
5.000000e-01 4.000000e-02 9.568461e-03
5.000000e-01 6.000000e-02 1.405275e-02
5.000000e-01 8.000000e-02 1.833742e-02
5.000000e-01 1.000000e-01 2.242209e-02
5.000000e-01 1.200000e-01 2.630737e-02
5.000000e-01 1.400000e-01 2.999265e-02
5.000000e-01 1.600000e-01 3.347877e-02
5.000000e-01 1.800000e-01 3.676490e-02
5.000000e-01 2.000000e-01 3.985209e-02
5.000000e-01 2.200000e-01 4.273928e-02
5.000000e-01 2.400000e-01 4.542774e-02
5.000000e-01 2.600000e-01 4.791620e-02
5.000000e-01 2.800000e-01 5.020611e-02
5.000000e-01 3.000000e-01 5.229602e-02
5.000000e-01 3.200000e-01 5.418754e-02
5.000000e-01 3.400000e-01 5.587905e-02
5.000000e-01 3.600000e-01 5.737231e-02
5.000000e-01 3.800000e-01 5.866557e-02
5.000000e-01 4.000000e-01 5.976068e-02
5.000000e-01 4.200000e-01 6.065579e-02
5.000000e-01 4.400000e-01 6.135282e-02
5.000000e-01 4.600000e-01 6.184985e-02
5.000000e-01 4.800000e-01 6.214886e-02
5.000000e-01 5.000000e-01 6.224786e-02
5.000000e-01 5.200000e-01 6.214886e-02
5.000000e-01 5.400000e-01 6.184985e-02
5.000000e-01 5.600000e-01 6.135282e-02
5.000000e-01 5.800000e-01 6.065579e-02
5.000000e-01 6.000000e-01 5.976068e-02
5.000000e-01 6.200000e-01 5.866557e-02
5.000000e-01 6.400000e-01 5.737231e-02
5.000000e-01 6.600000e-01 5.587905e-02
5.000000e-01 6.800000e-01 5.418754e-02
5.000000e-01 7.000000e-01 5.229602e-02
5.000000e-01 7.200000e-01 5.020611e-02
5.000000e-01 7.400000e-01 4.791620e-02
5.000000e-01 7.600000e-01 4.542774e-02
5.000000e-01 7.800000e-01 4.273928e-02
5.000000e-01 8.000000e-01 3.985209e-02
5.000000e-01 8.200000e-01 3.676490e-02
5.000000e-01 8.400000e-01 3.347877e-02
5.000000e-01 8.600000e-01 2.999265e-02
5.000000e-01 8.800000e-01 2.630737e-02
5.000000e-01 9.000000e-01 2.242209e-02
5.000000e-01 9.200000e-01 1.833742e-02
5.000000e-01 9.400000e-01 1.405275e-02
5.000000e-01 9.600000e-01 9.568461e-03
5.000000e-01 9.800000e-01 4.884168e-03

5.200000e-01 2.000000e-02 4.876391e-03
5.200000e-01 4.000000e-02 9.553101e-03
5.200000e-01 6.000000e-02 1.403038e-02
5.200000e-01 8.000000e-02 1.830798e-02
5.200000e-01 1.000000e-01 2.238639e-02
5.200000e-01 1.200000e-01 2.626513e-02
5.200000e-01 1.400000e-01 2.994491e-02
5.200000e-01 1.600000e-01 3.342501e-02
5.200000e-01 1.800000e-01 3.670639e-02
5.200000e-01 2.000000e-01 3.978809e-02
5.200000e-01 2.200000e-01 4.267128e-02
5.200000e-01 2.400000e-01 4.535478e-02
5.200000e-01 2.600000e-01 4.783997e-02
5.200000e-01 2.800000e-01 5.012547e-02
5.200000e-01 3.000000e-01 5.221282e-02
5.200000e-01 3.200000e-01 5.410050e-02
5.200000e-01 3.400000e-01 5.579016e-02
5.200000e-01 3.600000e-01 5.728015e-02
5.200000e-01 3.800000e-01 5.857225e-02
5.200000e-01 4.000000e-01 5.966468e-02
5.200000e-01 4.200000e-01 6.055931e-02
5.200000e-01 4.400000e-01 6.125426e-02
5.200000e-01 4.600000e-01 6.175148e-02
5.200000e-01 4.800000e-01 6.204902e-02
5.200000e-01 5.000000e-01 6.214886e-02
5.200000e-01 5.200000e-01 6.204902e-02
5.200000e-01 5.400000e-01 6.175148e-02
5.200000e-01 5.600000e-01 6.125426e-02
5.200000e-01 5.800000e-01 6.055931e-02
5.200000e-01 6.000000e-01 5.966468e-02
5.200000e-01 6.200000e-01 5.857225e-02
5.200000e-01 6.400000e-01 5.728015e-02
5.200000e-01 6.600000e-01 5.579016e-02
5.200000e-01 6.800000e-01 5.410050e-02
5.200000e-01 7.000000e-01 5.221282e-02
5.200000e-01 7.200000e-01 5.012547e-02
5.200000e-01 7.400000e-01 4.783997e-02
5.200000e-01 7.600000e-01 4.535478e-02
5.200000e-01 7.800000e-01 4.267128e-02
5.200000e-01 8.000000e-01 3.978809e-02
5.200000e-01 8.200000e-01 3.670639e-02
5.200000e-01 8.400000e-01 3.342501e-02
5.200000e-01 8.600000e-01 2.994491e-02
5.200000e-01 8.800000e-01 2.626513e-02
5.200000e-01 9.000000e-01 2.238639e-02
5.200000e-01 9.200000e-01 1.830798e-02
5.200000e-01 9.400000e-01 1.403038e-02
5.200000e-01 9.600000e-01 9.553101e-03
5.200000e-01 9.800000e-01 4.876391e-03

5.400000e-01 2.000000e-02 4.852933e-03
5.400000e-01 4.000000e-02 9.507270e-03
5.400000e-01 6.000000e-02 1.396289e-02
5.400000e-01 8.000000e-02 1.822015e-02
5.400000e-01 1.000000e-01 2.227870e-02
5.400000e-01 1.200000e-01 2.613914e-02
5.400000e-01 1.400000e-01 2.980085e-02
5.400000e-01 1.600000e-01 3.326469e-02
5.400000e-01 1.800000e-01 3.652980e-02
5.400000e-01 2.000000e-01 3.959726e-02
5.400000e-01 2.200000e-01 4.246599e-02
5.400000e-01 2.400000e-01 4.513726e-02
5.400000e-01 2.600000e-01 4.760981e-02
5.400000e-01 2.800000e-01 4.988508e-02
5.400000e-01 3.000000e-01 5.196163e-02
5.400000e-01 3.200000e-01 5.384105e-02
5.400000e-01 3.400000e-01 5.552175e-02
5.400000e-01 3.600000e-01 5.700547e-02
5.400000e-01 3.800000e-01 5.829046e-02
5.400000e-01 4.000000e-01 5.937857e-02
5.400000e-01 4.200000e-01 6.026795e-02
5.400000e-01 4.400000e-01 6.096053e-02
5.400000e-01 4.600000e-01 6.145439e-02
5.400000e-01 4.800000e-01 6.175148e-02
5.400000e-01 5.000000e-01 6.184985e-02
5.400000e-01 5.200000e-01 6.175148e-02
5.400000e-01 5.400000e-01 6.145439e-02
5.400000e-01 5.600000e-01 6.096053e-02
5.400000e-01 5.800000e-01 6.026795e-02
5.400000e-01 6.000000e-01 5.937857e-02
5.400000e-01 6.200000e-01 5.829046e-02
5.400000e-01 6.400000e-01 5.700547e-02
5.400000e-01 6.600000e-01 5.552175e-02
5.400000e-01 6.800000e-01 5.384105e-02
5.400000e-01 7.000000e-01 5.196163e-02
5.400000e-01 7.200000e-01 4.988508e-02
5.400000e-01 7.400000e-01 4.760981e-02
5.400000e-01 7.600000e-01 4.513726e-02
5.400000e-01 7.800000e-01 4.246599e-02
5.400000e-01 8.000000e-01 3.959726e-02
5.400000e-01 8.200000e-01 3.652980e-02
5.400000e-01 8.400000e-01 3.326469e-02
5.400000e-01 8.600000e-01 2.980085e-02
5.400000e-01 8.800000e-01 2.613914e-02
5.400000e-01 9.000000e-01 2.227870e-02
5.400000e-01 9.200000e-01 1.822015e-02
5.400000e-01 9.400000e-01 1.396289e-02
5.400000e-01 9.600000e-01 9.507270e-03
5.400000e-01 9.800000e-01 4.852933e-03

5.600000e-01 2.000000e-02 4.813919e-03
5.600000e-01 4.000000e-02 9.430719e-03
5.600000e-01 6.000000e-02 1.385064e-02
5.600000e-01 8.000000e-02 1.807345e-02
5.600000e-01 1.000000e-01 2.209962e-02
5.600000e-01 1.200000e-01 2.592867e-02
5.600000e-01 1.400000e-01 2.956132e-02
5.600000e-01 1.600000e-01 3.299684e-02
5.600000e-01 1.800000e-01 3.623619e-02
5.600000e-01 2.000000e-01 3.927842e-02
5.600000e-01 2.200000e-01 4.212468e-02
5.600000e-01 2.400000e-01 4.477382e-02
5.600000e-01 2.600000e-01 4.722717e-02
5.600000e-01 2.800000e-01 4.948341e-02
5.600000e-01 3.000000e-01 5.154403e-02
5.600000e-01 3.200000e-01 5.340753e-02
5.600000e-01 3.400000e-01 5.507555e-02
5.600000e-01 3.600000e-01 5.654646e-02
5.600000e-01 3.800000e-01 5.782202e-02
5.600000e-01 4.000000e-01 5.890045e-02
5.600000e-01 4.200000e-01 5.978363e-02
5.600000e-01 4.400000e-01 6.046968e-02
5.600000e-01 4.600000e-01 6.096053e-02
5.600000e-01 4.800000e-01 6.125426e-02
5.600000e-01 5.000000e-01 6.135282e-02
5.600000e-01 5.200000e-01 6.125426e-02
5.600000e-01 5.400000e-01 6.096053e-02
5.600000e-01 5.600000e-01 6.046968e-02
5.600000e-01 5.800000e-01 5.978363e-02
5.600000e-01 6.000000e-01 5.890045e-02
5.600000e-01 6.200000e-01 5.782202e-02
5.600000e-01 6.400000e-01 5.654646e-02
5.600000e-01 6.600000e-01 5.507555e-02
5.600000e-01 6.800000e-01 5.340753e-02
5.600000e-01 7.000000e-01 5.154403e-02
5.600000e-01 7.200000e-01 4.948341e-02
5.600000e-01 7.400000e-01 4.722717e-02
5.600000e-01 7.600000e-01 4.477382e-02
5.600000e-01 7.800000e-01 4.212468e-02
5.600000e-01 8.000000e-01 3.927842e-02
5.600000e-01 8.200000e-01 3.623619e-02
5.600000e-01 8.400000e-01 3.299684e-02
5.600000e-01 8.600000e-01 2.956132e-02
5.600000e-01 8.800000e-01 2.592867e-02
5.600000e-01 9.000000e-01 2.209962e-02
5.600000e-01 9.200000e-01 1.807345e-02
5.600000e-01 9.400000e-01 1.385064e-02
5.600000e-01 9.600000e-01 9.430719e-03
5.600000e-01 9.800000e-01 4.813919e-03

5.800000e-01 2.000000e-02 4.759226e-03
5.800000e-01 4.000000e-02 9.323692e-03
5.800000e-01 6.000000e-02 1.369328e-02
5.800000e-01 8.000000e-02 1.786835e-02
5.800000e-01 1.000000e-01 2.184853e-02
5.800000e-01 1.200000e-01 2.563444e-02
5.800000e-01 1.400000e-01 2.922546e-02
5.800000e-01 1.600000e-01 3.262242e-02
5.800000e-01 1.800000e-01 3.582450e-02
5.800000e-01 2.000000e-01 3.883274e-02
5.800000e-01 2.200000e-01 4.164609e-02
5.800000e-01 2.400000e-01 4.426579e-02
5.800000e-01 2.600000e-01 4.669062e-02
5.800000e-01 2.800000e-01 4.892196e-02
5.800000e-01 3.000000e-01 5.095843e-02
5.800000e-01 3.200000e-01 5.280157e-02
5.800000e-01 3.400000e-01 5.444983e-02
5.800000e-01 3.600000e-01 5.590490e-02
5.800000e-01 3.800000e-01 5.716510e-02
5.800000e-01 4.000000e-01 5.823220e-02
5.800000e-01 4.200000e-01 5.910442e-02
5.800000e-01 4.400000e-01 5.978363e-02
5.800000e-01 4.600000e-01 6.026795e-02
5.800000e-01 4.800000e-01 6.055931e-02
5.800000e-01 5.000000e-01 6.065579e-02
5.800000e-01 5.200000e-01 6.055931e-02
5.800000e-01 5.400000e-01 6.026795e-02
5.800000e-01 5.600000e-01 5.978363e-02
5.800000e-01 5.800000e-01 5.910442e-02
5.800000e-01 6.000000e-01 5.823220e-02
5.800000e-01 6.200000e-01 5.716510e-02
5.800000e-01 6.400000e-01 5.590490e-02
5.800000e-01 6.600000e-01 5.444983e-02
5.800000e-01 6.800000e-01 5.280157e-02
5.800000e-01 7.000000e-01 5.095843e-02
5.800000e-01 7.200000e-01 4.892196e-02
5.800000e-01 7.400000e-01 4.669062e-02
5.800000e-01 7.600000e-01 4.426579e-02
5.800000e-01 7.800000e-01 4.164609e-02
5.800000e-01 8.000000e-01 3.883274e-02
5.800000e-01 8.200000e-01 3.582450e-02
5.800000e-01 8.400000e-01 3.262242e-02
5.800000e-01 8.600000e-01 2.922546e-02
5.800000e-01 8.800000e-01 2.563444e-02
5.800000e-01 9.000000e-01 2.184853e-02
5.800000e-01 9.200000e-01 1.786835e-02
5.800000e-01 9.400000e-01 1.369328e-02
5.800000e-01 9.600000e-01 9.323692e-03
5.800000e-01 9.800000e-01 4.759226e-03

6.000000e-01 2.000000e-02 4.688973e-03
6.000000e-01 4.000000e-02 9.185946e-03
6.000000e-01 6.000000e-02 1.349116e-02
6.000000e-01 8.000000e-02 1.760437e-02
6.000000e-01 1.000000e-01 2.152605e-02
6.000000e-01 1.200000e-01 2.525573e-02
6.000000e-01 1.400000e-01 2.879410e-02
6.000000e-01 1.600000e-01 3.214048e-02
6.000000e-01 1.800000e-01 3.529577e-02
6.000000e-01 2.000000e-01 3.825905e-02
6.000000e-01 2.200000e-01 4.103145e-02
6.000000e-01 2.400000e-01 4.361185e-02
6.000000e-01 2.600000e-01 4.600154e-02
6.000000e-01 2.800000e-01 4.819923e-02
6.000000e-01 3.000000e-01 5.020638e-02
6.000000e-01 3.200000e-01 5.202153e-02
6.000000e-01 3.400000e-01 5.364628e-02
6.000000e-01 3.600000e-01 5.507903e-02
6.000000e-01 3.800000e-01 5.632148e-02
6.000000e-01 4.000000e-01 5.737194e-02
6.000000e-01 4.200000e-01 5.823220e-02
6.000000e-01 4.400000e-01 5.890045e-02
6.000000e-01 4.600000e-01 5.937857e-02
6.000000e-01 4.800000e-01 5.966468e-02
6.000000e-01 5.000000e-01 5.976068e-02
6.000000e-01 5.200000e-01 5.966468e-02
6.000000e-01 5.400000e-01 5.937857e-02
6.000000e-01 5.600000e-01 5.890045e-02
6.000000e-01 5.800000e-01 5.823220e-02
6.000000e-01 6.000000e-01 5.737194e-02
6.000000e-01 6.200000e-01 5.632148e-02
6.000000e-01 6.400000e-01 5.507903e-02
6.000000e-01 6.600000e-01 5.364628e-02
6.000000e-01 6.800000e-01 5.202153e-02
6.000000e-01 7.000000e-01 5.020638e-02
6.000000e-01 7.200000e-01 4.819923e-02
6.000000e-01 7.400000e-01 4.600154e-02
6.000000e-01 7.600000e-01 4.361185e-02
6.000000e-01 7.800000e-01 4.103145e-02
6.000000e-01 8.000000e-01 3.825905e-02
6.000000e-01 8.200000e-01 3.529577e-02
6.000000e-01 8.400000e-01 3.214048e-02
6.000000e-01 8.600000e-01 2.879410e-02
6.000000e-01 8.800000e-01 2.525573e-02
6.000000e-01 9.000000e-01 2.152605e-02
6.000000e-01 9.200000e-01 1.760437e-02
6.000000e-01 9.400000e-01 1.349116e-02
6.000000e-01 9.600000e-01 9.185946e-03
6.000000e-01 9.800000e-01 4.688973e-03

6.200000e-01 2.000000e-02 4.603040e-03
6.200000e-01 4.000000e-02 9.017716e-03
6.200000e-01 6.000000e-02 1.324391e-02
6.200000e-01 8.000000e-02 1.728197e-02
6.200000e-01 1.000000e-01 2.113156e-02
6.200000e-01 1.200000e-01 2.479323e-02
6.200000e-01 1.400000e-01 2.826642e-02
6.200000e-01 1.600000e-01 3.155193e-02
6.200000e-01 1.800000e-01 3.464895e-02
6.200000e-01 2.000000e-01 3.755848e-02
6.200000e-01 2.200000e-01 4.027953e-02
6.200000e-01 2.400000e-01 4.281328e-02
6.200000e-01 2.600000e-01 4.515855e-02
6.200000e-01 2.800000e-01 4.731669e-02
6.200000e-01 3.000000e-01 4.928634e-02
6.200000e-01 3.200000e-01 5.106902e-02
6.200000e-01 3.400000e-01 5.266321e-02
6.200000e-01 3.600000e-01 5.407054e-02
6.200000e-01 3.800000e-01 5.528939e-02
6.200000e-01 4.000000e-01 5.632148e-02
6.200000e-01 4.200000e-01 5.716510e-02
6.200000e-01 4.400000e-01 5.782202e-02
6.200000e-01 4.600000e-01 5.829046e-02
6.200000e-01 4.800000e-01 5.857225e-02
6.200000e-01 5.000000e-01 5.866557e-02
6.200000e-01 5.200000e-01 5.857225e-02
6.200000e-01 5.400000e-01 5.829046e-02
6.200000e-01 5.600000e-01 5.782202e-02
6.200000e-01 5.800000e-01 5.716510e-02
6.200000e-01 6.000000e-01 5.632148e-02
6.200000e-01 6.200000e-01 5.528939e-02
6.200000e-01 6.400000e-01 5.407054e-02
6.200000e-01 6.600000e-01 5.266321e-02
6.200000e-01 6.800000e-01 5.106902e-02
6.200000e-01 7.000000e-01 4.928634e-02
6.200000e-01 7.200000e-01 4.731669e-02
6.200000e-01 7.400000e-01 4.515855e-02
6.200000e-01 7.600000e-01 4.281328e-02
6.200000e-01 7.800000e-01 4.027953e-02
6.200000e-01 8.000000e-01 3.755848e-02
6.200000e-01 8.200000e-01 3.464895e-02
6.200000e-01 8.400000e-01 3.155193e-02
6.200000e-01 8.600000e-01 2.826642e-02
6.200000e-01 8.800000e-01 2.479323e-02
6.200000e-01 9.000000e-01 2.113156e-02
6.200000e-01 9.200000e-01 1.728197e-02
6.200000e-01 9.400000e-01 1.324391e-02
6.200000e-01 9.600000e-01 9.017716e-03
6.200000e-01 9.800000e-01 4.603040e-03

6.400000e-01 2.000000e-02 4.501543e-03
6.400000e-01 4.000000e-02 8.818767e-03
6.400000e-01 6.000000e-02 1.295190e-02
6.400000e-01 8.000000e-02 1.690070e-02
6.400000e-01 1.000000e-01 2.066564e-02
6.400000e-01 1.200000e-01 2.424626e-02
6.400000e-01 1.400000e-01 2.764321e-02
6.400000e-01 1.600000e-01 3.085585e-02
6.400000e-01 1.800000e-01 3.388504e-02
6.400000e-01 2.000000e-01 3.672990e-02
6.400000e-01 2.200000e-01 3.939151e-02
6.400000e-01 2.400000e-01 4.186879e-02
6.400000e-01 2.600000e-01 4.416298e-02
6.400000e-01 2.800000e-01 4.627286e-02
6.400000e-01 3.000000e-01 4.819980e-02
6.400000e-01 3.200000e-01 4.994242e-02
6.400000e-01 3.400000e-01 5.150224e-02
6.400000e-01 3.600000e-01 5.287773e-02
6.400000e-01 3.800000e-01 5.407054e-02
6.400000e-01 4.000000e-01 5.507903e-02
6.400000e-01 4.200000e-01 5.590490e-02
6.400000e-01 4.400000e-01 5.654646e-02
6.400000e-01 4.600000e-01 5.700547e-02
6.400000e-01 4.800000e-01 5.728015e-02
6.400000e-01 5.000000e-01 5.737231e-02
6.400000e-01 5.200000e-01 5.728015e-02
6.400000e-01 5.400000e-01 5.700547e-02
6.400000e-01 5.600000e-01 5.654646e-02
6.400000e-01 5.800000e-01 5.590490e-02
6.400000e-01 6.000000e-01 5.507903e-02
6.400000e-01 6.200000e-01 5.407054e-02
6.400000e-01 6.400000e-01 5.287773e-02
6.400000e-01 6.600000e-01 5.150224e-02
6.400000e-01 6.800000e-01 4.994242e-02
6.400000e-01 7.000000e-01 4.819980e-02
6.400000e-01 7.200000e-01 4.627286e-02
6.400000e-01 7.400000e-01 4.416298e-02
6.400000e-01 7.600000e-01 4.186879e-02
6.400000e-01 7.800000e-01 3.939151e-02
6.400000e-01 8.000000e-01 3.672990e-02
6.400000e-01 8.200000e-01 3.388504e-02
6.400000e-01 8.400000e-01 3.085585e-02
6.400000e-01 8.600000e-01 2.764321e-02
6.400000e-01 8.800000e-01 2.424626e-02
6.400000e-01 9.000000e-01 2.066564e-02
6.400000e-01 9.200000e-01 1.690070e-02
6.400000e-01 9.400000e-01 1.295190e-02
6.400000e-01 9.600000e-01 8.818767e-03
6.400000e-01 9.800000e-01 4.501543e-03

6.600000e-01 2.000000e-02 4.384367e-03
6.600000e-01 4.000000e-02 8.589323e-03
6.600000e-01 6.000000e-02 1.261476e-02
6.600000e-01 8.000000e-02 1.646100e-02
6.600000e-01 1.000000e-01 2.012772e-02
6.600000e-01 1.200000e-01 2.361546e-02
6.600000e-01 1.400000e-01 2.692369e-02
6.600000e-01 1.600000e-01 3.005313e-02
6.600000e-01 1.800000e-01 3.300305e-02
6.600000e-01 2.000000e-01 3.577439e-02
6.600000e-01 2.200000e-01 3.836620e-02
6.600000e-01 2.400000e-01 4.077961e-02
6.600000e-01 2.600000e-01 4.301350e-02
6.600000e-01 2.800000e-01 4.506913e-02
6.600000e-01 3.000000e-01 4.694525e-02
6.600000e-01 3.200000e-01 4.864326e-02
6.600000e-01 3.400000e-01 5.016174e-02
6.600000e-01 3.600000e-01 5.150224e-02
6.600000e-01 3.800000e-01 5.266321e-02
6.600000e-01 4.000000e-01 5.364628e-02
6.600000e-01 4.200000e-01 5.444983e-02
6.600000e-01 4.400000e-01 5.507555e-02
6.600000e-01 4.600000e-01 5.552175e-02
6.600000e-01 4.800000e-01 5.579016e-02
6.600000e-01 5.000000e-01 5.587905e-02
6.600000e-01 5.200000e-01 5.579016e-02
6.600000e-01 5.400000e-01 5.552175e-02
6.600000e-01 5.600000e-01 5.507555e-02
6.600000e-01 5.800000e-01 5.444983e-02
6.600000e-01 6.000000e-01 5.364628e-02
6.600000e-01 6.200000e-01 5.266321e-02
6.600000e-01 6.400000e-01 5.150224e-02
6.600000e-01 6.600000e-01 5.016174e-02
6.600000e-01 6.800000e-01 4.864326e-02
6.600000e-01 7.000000e-01 4.694525e-02
6.600000e-01 7.200000e-01 4.506913e-02
6.600000e-01 7.400000e-01 4.301350e-02
6.600000e-01 7.600000e-01 4.077961e-02
6.600000e-01 7.800000e-01 3.836620e-02
6.600000e-01 8.000000e-01 3.577439e-02
6.600000e-01 8.200000e-01 3.300305e-02
6.600000e-01 8.400000e-01 3.005313e-02
6.600000e-01 8.600000e-01 2.692369e-02
6.600000e-01 8.800000e-01 2.361546e-02
6.600000e-01 9.000000e-01 2.012772e-02
6.600000e-01 9.200000e-01 1.646100e-02
6.600000e-01 9.400000e-01 1.261476e-02
6.600000e-01 9.600000e-01 8.589323e-03
6.600000e-01 9.800000e-01 4.384367e-03

6.800000e-01 2.000000e-02 4.251619e-03
6.800000e-01 4.000000e-02 8.329158e-03
6.800000e-01 6.000000e-02 1.223283e-02
6.800000e-01 8.000000e-02 1.596242e-02
6.800000e-01 1.000000e-01 1.951834e-02
6.800000e-01 1.200000e-01 2.290019e-02
6.800000e-01 1.400000e-01 2.610858e-02
6.800000e-01 1.600000e-01 2.914288e-02
6.800000e-01 1.800000e-01 3.200392e-02
6.800000e-01 2.000000e-01 3.469087e-02
6.800000e-01 2.200000e-01 3.720473e-02
6.800000e-01 2.400000e-01 3.954451e-02
6.800000e-01 2.600000e-01 4.171136e-02
6.800000e-01 2.800000e-01 4.370413e-02
6.800000e-01 3.000000e-01 4.552411e-02
6.800000e-01 3.200000e-01 4.717002e-02
6.800000e-01 3.400000e-01 4.864326e-02
6.800000e-01 3.600000e-01 4.994242e-02
6.800000e-01 3.800000e-01 5.106902e-02
6.800000e-01 4.000000e-01 5.202153e-02
6.800000e-01 4.200000e-01 5.280157e-02
6.800000e-01 4.400000e-01 5.340753e-02
6.800000e-01 4.600000e-01 5.384105e-02
6.800000e-01 4.800000e-01 5.410050e-02
6.800000e-01 5.000000e-01 5.418754e-02
6.800000e-01 5.200000e-01 5.410050e-02
6.800000e-01 5.400000e-01 5.384105e-02
6.800000e-01 5.600000e-01 5.340753e-02
6.800000e-01 5.800000e-01 5.280157e-02
6.800000e-01 6.000000e-01 5.202153e-02
6.800000e-01 6.200000e-01 5.106902e-02
6.800000e-01 6.400000e-01 4.994242e-02
6.800000e-01 6.600000e-01 4.864326e-02
6.800000e-01 6.800000e-01 4.717002e-02
6.800000e-01 7.000000e-01 4.552411e-02
6.800000e-01 7.200000e-01 4.370413e-02
6.800000e-01 7.400000e-01 4.171136e-02
6.800000e-01 7.600000e-01 3.954451e-02
6.800000e-01 7.800000e-01 3.720473e-02
6.800000e-01 8.000000e-01 3.469087e-02
6.800000e-01 8.200000e-01 3.200392e-02
6.800000e-01 8.400000e-01 2.914288e-02
6.800000e-01 8.600000e-01 2.610858e-02
6.800000e-01 8.800000e-01 2.290019e-02
6.800000e-01 9.000000e-01 1.951834e-02
6.800000e-01 9.200000e-01 1.596242e-02
6.800000e-01 9.400000e-01 1.223283e-02
6.800000e-01 9.600000e-01 8.329158e-03
6.800000e-01 9.800000e-01 4.251619e-03

7.000000e-01 2.000000e-02 4.103192e-03
7.000000e-01 4.000000e-02 8.038485e-03
7.000000e-01 6.000000e-02 1.180578e-02
7.000000e-01 8.000000e-02 1.540537e-02
7.000000e-01 1.000000e-01 1.883697e-02
7.000000e-01 1.200000e-01 2.210106e-02
7.000000e-01 1.400000e-01 2.519715e-02
7.000000e-01 1.600000e-01 2.812593e-02
7.000000e-01 1.800000e-01 3.088670e-02
7.000000e-01 2.000000e-01 3.348034e-02
7.000000e-01 2.200000e-01 3.590598e-02
7.000000e-01 2.400000e-01 3.816464e-02
7.000000e-01 2.600000e-01 4.025530e-02
7.000000e-01 2.800000e-01 4.217914e-02
7.000000e-01 3.000000e-01 4.393498e-02
7.000000e-01 3.200000e-01 4.552411e-02
7.000000e-01 3.400000e-01 4.694525e-02
7.000000e-01 3.600000e-01 4.819980e-02
7.000000e-01 3.800000e-01 4.928634e-02
7.000000e-01 4.000000e-01 5.020638e-02
7.000000e-01 4.200000e-01 5.095843e-02
7.000000e-01 4.400000e-01 5.154403e-02
7.000000e-01 4.600000e-01 5.196163e-02
7.000000e-01 4.800000e-01 5.221282e-02
7.000000e-01 5.000000e-01 5.229602e-02
7.000000e-01 5.200000e-01 5.221282e-02
7.000000e-01 5.400000e-01 5.196163e-02
7.000000e-01 5.600000e-01 5.154403e-02
7.000000e-01 5.800000e-01 5.095843e-02
7.000000e-01 6.000000e-01 5.020638e-02
7.000000e-01 6.200000e-01 4.928634e-02
7.000000e-01 6.400000e-01 4.819980e-02
7.000000e-01 6.600000e-01 4.694525e-02
7.000000e-01 6.800000e-01 4.552411e-02
7.000000e-01 7.000000e-01 4.393498e-02
7.000000e-01 7.200000e-01 4.217914e-02
7.000000e-01 7.400000e-01 4.025530e-02
7.000000e-01 7.600000e-01 3.816464e-02
7.000000e-01 7.800000e-01 3.590598e-02
7.000000e-01 8.000000e-01 3.348034e-02
7.000000e-01 8.200000e-01 3.088670e-02
7.000000e-01 8.400000e-01 2.812593e-02
7.000000e-01 8.600000e-01 2.519715e-02
7.000000e-01 8.800000e-01 2.210106e-02
7.000000e-01 9.000000e-01 1.883697e-02
7.000000e-01 9.200000e-01 1.540537e-02
7.000000e-01 9.400000e-01 1.180578e-02
7.000000e-01 9.600000e-01 8.038485e-03
7.000000e-01 9.800000e-01 4.103192e-03

7.200000e-01 2.000000e-02 3.939186e-03
7.200000e-01 4.000000e-02 7.717091e-03
7.200000e-01 6.000000e-02 1.133391e-02
7.200000e-01 8.000000e-02 1.478945e-02
7.200000e-01 1.000000e-01 1.808408e-02
7.200000e-01 1.200000e-01 2.121744e-02
7.200000e-01 1.400000e-01 2.419009e-02
7.200000e-01 1.600000e-01 2.700145e-02
7.200000e-01 1.800000e-01 2.965227e-02
7.200000e-01 2.000000e-01 3.214181e-02
7.200000e-01 2.200000e-01 3.447097e-02
7.200000e-01 2.400000e-01 3.663885e-02
7.200000e-01 2.600000e-01 3.864650e-02
7.200000e-01 2.800000e-01 4.049287e-02
7.200000e-01 3.000000e-01 4.217914e-02
7.200000e-01 3.200000e-01 4.370413e-02
7.200000e-01 3.400000e-01 4.506913e-02
7.200000e-01 3.600000e-01 4.627286e-02
7.200000e-01 3.800000e-01 4.731669e-02
7.200000e-01 4.000000e-01 4.819923e-02
7.200000e-01 4.200000e-01 4.892196e-02
7.200000e-01 4.400000e-01 4.948341e-02
7.200000e-01 4.600000e-01 4.988508e-02
7.200000e-01 4.800000e-01 5.012547e-02
7.200000e-01 5.000000e-01 5.020611e-02
7.200000e-01 5.200000e-01 5.012547e-02
7.200000e-01 5.400000e-01 4.988508e-02
7.200000e-01 5.600000e-01 4.948341e-02
7.200000e-01 5.800000e-01 4.892196e-02
7.200000e-01 6.000000e-01 4.819923e-02
7.200000e-01 6.200000e-01 4.731669e-02
7.200000e-01 6.400000e-01 4.627286e-02
7.200000e-01 6.600000e-01 4.506913e-02
7.200000e-01 6.800000e-01 4.370413e-02
7.200000e-01 7.000000e-01 4.217914e-02
7.200000e-01 7.200000e-01 4.049287e-02
7.200000e-01 7.400000e-01 3.864650e-02
7.200000e-01 7.600000e-01 3.663885e-02
7.200000e-01 7.800000e-01 3.447097e-02
7.200000e-01 8.000000e-01 3.214181e-02
7.200000e-01 8.200000e-01 2.965227e-02
7.200000e-01 8.400000e-01 2.700145e-02
7.200000e-01 8.600000e-01 2.419009e-02
7.200000e-01 8.800000e-01 2.121744e-02
7.200000e-01 9.000000e-01 1.808408e-02
7.200000e-01 9.200000e-01 1.478945e-02
7.200000e-01 9.400000e-01 1.133391e-02
7.200000e-01 9.600000e-01 7.717091e-03
7.200000e-01 9.800000e-01 3.939186e-03

7.400000e-01 2.000000e-02 3.759499e-03
7.400000e-01 4.000000e-02 7.365169e-03
7.400000e-01 6.000000e-02 1.081692e-02
7.400000e-01 8.000000e-02 1.411502e-02
7.400000e-01 1.000000e-01 1.725920e-02
7.400000e-01 1.200000e-01 2.024991e-02
7.400000e-01 1.400000e-01 2.308670e-02
7.400000e-01 1.600000e-01 2.577019e-02
7.400000e-01 1.800000e-01 2.829976e-02
7.400000e-01 2.000000e-01 3.067618e-02
7.400000e-01 2.200000e-01 3.289868e-02
7.400000e-01 2.400000e-01 3.496819e-02
7.400000e-01 2.600000e-01 3.688378e-02
7.400000e-01 2.800000e-01 3.864650e-02
7.400000e-01 3.000000e-01 4.025530e-02
7.400000e-01 3.200000e-01 4.171136e-02
7.400000e-01 3.400000e-01 4.301350e-02
7.400000e-01 3.600000e-01 4.416298e-02
7.400000e-01 3.800000e-01 4.515855e-02
7.400000e-01 4.000000e-01 4.600154e-02
7.400000e-01 4.200000e-01 4.669062e-02
7.400000e-01 4.400000e-01 4.722717e-02
7.400000e-01 4.600000e-01 4.760981e-02
7.400000e-01 4.800000e-01 4.783997e-02
7.400000e-01 5.000000e-01 4.791620e-02
7.400000e-01 5.200000e-01 4.783997e-02
7.400000e-01 5.400000e-01 4.760981e-02
7.400000e-01 5.600000e-01 4.722717e-02
7.400000e-01 5.800000e-01 4.669062e-02
7.400000e-01 6.000000e-01 4.600154e-02
7.400000e-01 6.200000e-01 4.515855e-02
7.400000e-01 6.400000e-01 4.416298e-02
7.400000e-01 6.600000e-01 4.301350e-02
7.400000e-01 6.800000e-01 4.171136e-02
7.400000e-01 7.000000e-01 4.025530e-02
7.400000e-01 7.200000e-01 3.864650e-02
7.400000e-01 7.400000e-01 3.688378e-02
7.400000e-01 7.600000e-01 3.496819e-02
7.400000e-01 7.800000e-01 3.289868e-02
7.400000e-01 8.000000e-01 3.067618e-02
7.400000e-01 8.200000e-01 2.829976e-02
7.400000e-01 8.400000e-01 2.577019e-02
7.400000e-01 8.600000e-01 2.308670e-02
7.400000e-01 8.800000e-01 2.024991e-02
7.400000e-01 9.000000e-01 1.725920e-02
7.400000e-01 9.200000e-01 1.411502e-02
7.400000e-01 9.400000e-01 1.081692e-02
7.400000e-01 9.600000e-01 7.365169e-03
7.400000e-01 9.800000e-01 3.759499e-03

7.600000e-01 2.000000e-02 3.564224e-03
7.600000e-01 4.000000e-02 6.982528e-03
7.600000e-01 6.000000e-02 1.025508e-02
7.600000e-01 8.000000e-02 1.338172e-02
7.600000e-01 1.000000e-01 1.636277e-02
7.600000e-01 1.200000e-01 1.919790e-02
7.600000e-01 1.400000e-01 2.188762e-02
7.600000e-01 1.600000e-01 2.443141e-02
7.600000e-01 1.800000e-01 2.682994e-02
7.600000e-01 2.000000e-01 2.908255e-02
7.600000e-01 2.200000e-01 3.119004e-02
7.600000e-01 2.400000e-01 3.315161e-02
7.600000e-01 2.600000e-01 3.496819e-02
7.600000e-01 2.800000e-01 3.663885e-02
7.600000e-01 3.000000e-01 3.816464e-02
7.600000e-01 3.200000e-01 3.954451e-02
7.600000e-01 3.400000e-01 4.077961e-02
7.600000e-01 3.600000e-01 4.186879e-02
7.600000e-01 3.800000e-01 4.281328e-02
7.600000e-01 4.000000e-01 4.361185e-02
7.600000e-01 4.200000e-01 4.426579e-02
7.600000e-01 4.400000e-01 4.477382e-02
7.600000e-01 4.600000e-01 4.513726e-02
7.600000e-01 4.800000e-01 4.535478e-02
7.600000e-01 5.000000e-01 4.542774e-02
7.600000e-01 5.200000e-01 4.535478e-02
7.600000e-01 5.400000e-01 4.513726e-02
7.600000e-01 5.600000e-01 4.477382e-02
7.600000e-01 5.800000e-01 4.426579e-02
7.600000e-01 6.000000e-01 4.361185e-02
7.600000e-01 6.200000e-01 4.281328e-02
7.600000e-01 6.400000e-01 4.186879e-02
7.600000e-01 6.600000e-01 4.077961e-02
7.600000e-01 6.800000e-01 3.954451e-02
7.600000e-01 7.000000e-01 3.816464e-02
7.600000e-01 7.200000e-01 3.663885e-02
7.600000e-01 7.400000e-01 3.496819e-02
7.600000e-01 7.600000e-01 3.315161e-02
7.600000e-01 7.800000e-01 3.119004e-02
7.600000e-01 8.000000e-01 2.908255e-02
7.600000e-01 8.200000e-01 2.682994e-02
7.600000e-01 8.400000e-01 2.443141e-02
7.600000e-01 8.600000e-01 2.188762e-02
7.600000e-01 8.800000e-01 1.919790e-02
7.600000e-01 9.000000e-01 1.636277e-02
7.600000e-01 9.200000e-01 1.338172e-02
7.600000e-01 9.400000e-01 1.025508e-02
7.600000e-01 9.600000e-01 6.982528e-03
7.600000e-01 9.800000e-01 3.564224e-03

7.800000e-01 2.000000e-02 3.353268e-03
7.800000e-01 4.000000e-02 6.569337e-03
7.800000e-01 6.000000e-02 9.648125e-03
7.800000e-01 8.000000e-02 1.258987e-02
7.800000e-01 1.000000e-01 1.539434e-02
7.800000e-01 1.200000e-01 1.806191e-02
7.800000e-01 1.400000e-01 2.059221e-02
7.800000e-01 1.600000e-01 2.298577e-02
7.800000e-01 1.800000e-01 2.524204e-02
7.800000e-01 2.000000e-01 2.736172e-02
7.800000e-01 2.200000e-01 2.934412e-02
7.800000e-01 2.400000e-01 3.119004e-02
7.800000e-01 2.600000e-01 3.289868e-02
7.800000e-01 2.800000e-01 3.447097e-02
7.800000e-01 3.000000e-01 3.590598e-02
7.800000e-01 3.200000e-01 3.720473e-02
7.800000e-01 3.400000e-01 3.836620e-02
7.800000e-01 3.600000e-01 3.939151e-02
7.800000e-01 3.800000e-01 4.027953e-02
7.800000e-01 4.000000e-01 4.103145e-02
7.800000e-01 4.200000e-01 4.164609e-02
7.800000e-01 4.400000e-01 4.212468e-02
7.800000e-01 4.600000e-01 4.246599e-02
7.800000e-01 4.800000e-01 4.267128e-02
7.800000e-01 5.000000e-01 4.273928e-02
7.800000e-01 5.200000e-01 4.267128e-02
7.800000e-01 5.400000e-01 4.246599e-02
7.800000e-01 5.600000e-01 4.212468e-02
7.800000e-01 5.800000e-01 4.164609e-02
7.800000e-01 6.000000e-01 4.103145e-02
7.800000e-01 6.200000e-01 4.027953e-02
7.800000e-01 6.400000e-01 3.939151e-02
7.800000e-01 6.600000e-01 3.836620e-02
7.800000e-01 6.800000e-01 3.720473e-02
7.800000e-01 7.000000e-01 3.590598e-02
7.800000e-01 7.200000e-01 3.447097e-02
7.800000e-01 7.400000e-01 3.289868e-02
7.800000e-01 7.600000e-01 3.119004e-02
7.800000e-01 7.800000e-01 2.934412e-02
7.800000e-01 8.000000e-01 2.736172e-02
7.800000e-01 8.200000e-01 2.524204e-02
7.800000e-01 8.400000e-01 2.298577e-02
7.800000e-01 8.600000e-01 2.059221e-02
7.800000e-01 8.800000e-01 1.806191e-02
7.800000e-01 9.000000e-01 1.539434e-02
7.800000e-01 9.200000e-01 1.258987e-02
7.800000e-01 9.400000e-01 9.648125e-03
7.800000e-01 9.600000e-01 6.569337e-03
7.800000e-01 9.800000e-01 3.353268e-03

8.000000e-01 2.000000e-02 3.126713e-03
8.000000e-01 4.000000e-02 6.125425e-03
8.000000e-01 6.000000e-02 8.996285e-03
8.000000e-01 8.000000e-02 1.173914e-02
8.000000e-01 1.000000e-01 1.435429e-02
8.000000e-01 1.200000e-01 1.684144e-02
8.000000e-01 1.400000e-01 1.920102e-02
8.000000e-01 1.600000e-01 2.143260e-02
8.000000e-01 1.800000e-01 2.353675e-02
8.000000e-01 2.000000e-01 2.551289e-02
8.000000e-01 2.200000e-01 2.736172e-02
8.000000e-01 2.400000e-01 2.908255e-02
8.000000e-01 2.600000e-01 3.067618e-02
8.000000e-01 2.800000e-01 3.214181e-02
8.000000e-01 3.000000e-01 3.348034e-02
8.000000e-01 3.200000e-01 3.469087e-02
8.000000e-01 3.400000e-01 3.577439e-02
8.000000e-01 3.600000e-01 3.672990e-02
8.000000e-01 3.800000e-01 3.755848e-02
8.000000e-01 4.000000e-01 3.825905e-02
8.000000e-01 4.200000e-01 3.883274e-02
8.000000e-01 4.400000e-01 3.927842e-02
8.000000e-01 4.600000e-01 3.959726e-02
8.000000e-01 4.800000e-01 3.978809e-02
8.000000e-01 5.000000e-01 3.985209e-02
8.000000e-01 5.200000e-01 3.978809e-02
8.000000e-01 5.400000e-01 3.959726e-02
8.000000e-01 5.600000e-01 3.927842e-02
8.000000e-01 5.800000e-01 3.883274e-02
8.000000e-01 6.000000e-01 3.825905e-02
8.000000e-01 6.200000e-01 3.755848e-02
8.000000e-01 6.400000e-01 3.672990e-02
8.000000e-01 6.600000e-01 3.577439e-02
8.000000e-01 6.800000e-01 3.469087e-02
8.000000e-01 7.000000e-01 3.348034e-02
8.000000e-01 7.200000e-01 3.214181e-02
8.000000e-01 7.400000e-01 3.067618e-02
8.000000e-01 7.600000e-01 2.908255e-02
8.000000e-01 7.800000e-01 2.736172e-02
8.000000e-01 8.000000e-01 2.551289e-02
8.000000e-01 8.200000e-01 2.353675e-02
8.000000e-01 8.400000e-01 2.143260e-02
8.000000e-01 8.600000e-01 1.920102e-02
8.000000e-01 8.800000e-01 1.684144e-02
8.000000e-01 9.000000e-01 1.435429e-02
8.000000e-01 9.200000e-01 1.173914e-02
8.000000e-01 9.400000e-01 8.996285e-03
8.000000e-01 9.600000e-01 6.125425e-03
8.000000e-01 9.800000e-01 3.126713e-03

8.200000e-01 2.000000e-02 2.884477e-03
8.200000e-01 4.000000e-02 5.650941e-03
8.200000e-01 6.000000e-02 8.299325e-03
8.200000e-01 8.000000e-02 1.082983e-02
8.200000e-01 1.000000e-01 1.324225e-02
8.200000e-01 1.200000e-01 1.553692e-02
8.200000e-01 1.400000e-01 1.771352e-02
8.200000e-01 1.600000e-01 1.977248e-02
8.200000e-01 1.800000e-01 2.171337e-02
8.200000e-01 2.000000e-01 2.353675e-02
8.200000e-01 2.200000e-01 2.524204e-02
8.200000e-01 2.400000e-01 2.682994e-02
8.200000e-01 2.600000e-01 2.829976e-02
8.200000e-01 2.800000e-01 2.965227e-02
8.200000e-01 3.000000e-01 3.088670e-02
8.200000e-01 3.200000e-01 3.200392e-02
8.200000e-01 3.400000e-01 3.300305e-02
8.200000e-01 3.600000e-01 3.388504e-02
8.200000e-01 3.800000e-01 3.464895e-02
8.200000e-01 4.000000e-01 3.529577e-02
8.200000e-01 4.200000e-01 3.582450e-02
8.200000e-01 4.400000e-01 3.623619e-02
8.200000e-01 4.600000e-01 3.652980e-02
8.200000e-01 4.800000e-01 3.670639e-02
8.200000e-01 5.000000e-01 3.676490e-02
8.200000e-01 5.200000e-01 3.670639e-02
8.200000e-01 5.400000e-01 3.652980e-02
8.200000e-01 5.600000e-01 3.623619e-02
8.200000e-01 5.800000e-01 3.582450e-02
8.200000e-01 6.000000e-01 3.529577e-02
8.200000e-01 6.200000e-01 3.464895e-02
8.200000e-01 6.400000e-01 3.388504e-02
8.200000e-01 6.600000e-01 3.300305e-02
8.200000e-01 6.800000e-01 3.200392e-02
8.200000e-01 7.000000e-01 3.088670e-02
8.200000e-01 7.200000e-01 2.965227e-02
8.200000e-01 7.400000e-01 2.829976e-02
8.200000e-01 7.600000e-01 2.682994e-02
8.200000e-01 7.800000e-01 2.524204e-02
8.200000e-01 8.000000e-01 2.353675e-02
8.200000e-01 8.200000e-01 2.171337e-02
8.200000e-01 8.400000e-01 1.977248e-02
8.200000e-01 8.600000e-01 1.771352e-02
8.200000e-01 8.800000e-01 1.553692e-02
8.200000e-01 9.000000e-01 1.324225e-02
8.200000e-01 9.200000e-01 1.082983e-02
8.200000e-01 9.400000e-01 8.299325e-03
8.200000e-01 9.600000e-01 5.650941e-03
8.200000e-01 9.800000e-01 2.884477e-03

8.400000e-01 2.000000e-02 2.626628e-03
8.400000e-01 4.000000e-02 5.145736e-03
8.400000e-01 6.000000e-02 7.557444e-03
8.400000e-01 8.000000e-02 9.861632e-03
8.400000e-01 1.000000e-01 1.205854e-02
8.400000e-01 1.200000e-01 1.414793e-02
8.400000e-01 1.400000e-01 1.613014e-02
8.400000e-01 1.600000e-01 1.800484e-02
8.400000e-01 1.800000e-01 1.977248e-02
8.400000e-01 2.000000e-01 2.143260e-02
8.400000e-01 2.200000e-01 2.298577e-02
8.400000e-01 2.400000e-01 2.443141e-02
8.400000e-01 2.600000e-01 2.577019e-02
8.400000e-01 2.800000e-01 2.700145e-02
8.400000e-01 3.000000e-01 2.812593e-02
8.400000e-01 3.200000e-01 2.914288e-02
8.400000e-01 3.400000e-01 3.005313e-02
8.400000e-01 3.600000e-01 3.085585e-02
8.400000e-01 3.800000e-01 3.155193e-02
8.400000e-01 4.000000e-01 3.214048e-02
8.400000e-01 4.200000e-01 3.262242e-02
8.400000e-01 4.400000e-01 3.299684e-02
8.400000e-01 4.600000e-01 3.326469e-02
8.400000e-01 4.800000e-01 3.342501e-02
8.400000e-01 5.000000e-01 3.347877e-02
8.400000e-01 5.200000e-01 3.342501e-02
8.400000e-01 5.400000e-01 3.326469e-02
8.400000e-01 5.600000e-01 3.299684e-02
8.400000e-01 5.800000e-01 3.262242e-02
8.400000e-01 6.000000e-01 3.214048e-02
8.400000e-01 6.200000e-01 3.155193e-02
8.400000e-01 6.400000e-01 3.085585e-02
8.400000e-01 6.600000e-01 3.005313e-02
8.400000e-01 6.800000e-01 2.914288e-02
8.400000e-01 7.000000e-01 2.812593e-02
8.400000e-01 7.200000e-01 2.700145e-02
8.400000e-01 7.400000e-01 2.577019e-02
8.400000e-01 7.600000e-01 2.443141e-02
8.400000e-01 7.800000e-01 2.298577e-02
8.400000e-01 8.000000e-01 2.143260e-02
8.400000e-01 8.200000e-01 1.977248e-02
8.400000e-01 8.400000e-01 1.800484e-02
8.400000e-01 8.600000e-01 1.613014e-02
8.400000e-01 8.800000e-01 1.414793e-02
8.400000e-01 9.000000e-01 1.205854e-02
8.400000e-01 9.200000e-01 9.861632e-03
8.400000e-01 9.400000e-01 7.557444e-03
8.400000e-01 9.600000e-01 5.145736e-03
8.400000e-01 9.800000e-01 2.626628e-03

8.600000e-01 2.000000e-02 2.353099e-03
8.600000e-01 4.000000e-02 4.609932e-03
8.600000e-01 6.000000e-02 6.770444e-03
8.600000e-01 8.000000e-02 8.834795e-03
8.600000e-01 1.000000e-01 1.080283e-02
8.600000e-01 1.200000e-01 1.267480e-02
8.600000e-01 1.400000e-01 1.445045e-02
8.600000e-01 1.600000e-01 1.613014e-02
8.600000e-01 1.800000e-01 1.771352e-02
8.600000e-01 2.000000e-01 1.920102e-02
8.600000e-01 2.200000e-01 2.059221e-02
8.600000e-01 2.400000e-01 2.188762e-02
8.600000e-01 2.600000e-01 2.308670e-02
8.600000e-01 2.800000e-01 2.419009e-02
8.600000e-01 3.000000e-01 2.519715e-02
8.600000e-01 3.200000e-01 2.610858e-02
8.600000e-01 3.400000e-01 2.692369e-02
8.600000e-01 3.600000e-01 2.764321e-02
8.600000e-01 3.800000e-01 2.826642e-02
8.600000e-01 4.000000e-01 2.879410e-02
8.600000e-01 4.200000e-01 2.922546e-02
8.600000e-01 4.400000e-01 2.956132e-02
8.600000e-01 4.600000e-01 2.980085e-02
8.600000e-01 4.800000e-01 2.994491e-02
8.600000e-01 5.000000e-01 2.999265e-02
8.600000e-01 5.200000e-01 2.994491e-02
8.600000e-01 5.400000e-01 2.980085e-02
8.600000e-01 5.600000e-01 2.956132e-02
8.600000e-01 5.800000e-01 2.922546e-02
8.600000e-01 6.000000e-01 2.879410e-02
8.600000e-01 6.200000e-01 2.826642e-02
8.600000e-01 6.400000e-01 2.764321e-02
8.600000e-01 6.600000e-01 2.692369e-02
8.600000e-01 6.800000e-01 2.610858e-02
8.600000e-01 7.000000e-01 2.519715e-02
8.600000e-01 7.200000e-01 2.419009e-02
8.600000e-01 7.400000e-01 2.308670e-02
8.600000e-01 7.600000e-01 2.188762e-02
8.600000e-01 7.800000e-01 2.059221e-02
8.600000e-01 8.000000e-01 1.920102e-02
8.600000e-01 8.200000e-01 1.771352e-02
8.600000e-01 8.400000e-01 1.613014e-02
8.600000e-01 8.600000e-01 1.445045e-02
8.600000e-01 8.800000e-01 1.267480e-02
8.600000e-01 9.000000e-01 1.080283e-02
8.600000e-01 9.200000e-01 8.834795e-03
8.600000e-01 9.400000e-01 6.770444e-03
8.600000e-01 9.600000e-01 4.609932e-03
8.600000e-01 9.800000e-01 2.353099e-03

8.800000e-01 2.000000e-02 2.063943e-03
8.800000e-01 4.000000e-02 4.043407e-03
8.800000e-01 6.000000e-02 5.938482e-03
8.800000e-01 8.000000e-02 7.749077e-03
8.800000e-01 1.000000e-01 9.475375e-03
8.800000e-01 1.200000e-01 1.111719e-02
8.800000e-01 1.400000e-01 1.267480e-02
8.800000e-01 1.600000e-01 1.414793e-02
8.800000e-01 1.800000e-01 1.553692e-02
8.800000e-01 2.000000e-01 1.684144e-02
8.800000e-01 2.200000e-01 1.806191e-02
8.800000e-01 2.400000e-01 1.919790e-02
8.800000e-01 2.600000e-01 2.024991e-02
8.800000e-01 2.800000e-01 2.121744e-02
8.800000e-01 3.000000e-01 2.210106e-02
8.800000e-01 3.200000e-01 2.290019e-02
8.800000e-01 3.400000e-01 2.361546e-02
8.800000e-01 3.600000e-01 2.424626e-02
8.800000e-01 3.800000e-01 2.479323e-02
8.800000e-01 4.000000e-01 2.525573e-02
8.800000e-01 4.200000e-01 2.563444e-02
8.800000e-01 4.400000e-01 2.592867e-02
8.800000e-01 4.600000e-01 2.613914e-02
8.800000e-01 4.800000e-01 2.626513e-02
8.800000e-01 5.000000e-01 2.630737e-02
8.800000e-01 5.200000e-01 2.626513e-02
8.800000e-01 5.400000e-01 2.613914e-02
8.800000e-01 5.600000e-01 2.592867e-02
8.800000e-01 5.800000e-01 2.563444e-02
8.800000e-01 6.000000e-01 2.525573e-02
8.800000e-01 6.200000e-01 2.479323e-02
8.800000e-01 6.400000e-01 2.424626e-02
8.800000e-01 6.600000e-01 2.361546e-02
8.800000e-01 6.800000e-01 2.290019e-02
8.800000e-01 7.000000e-01 2.210106e-02
8.800000e-01 7.200000e-01 2.121744e-02
8.800000e-01 7.400000e-01 2.024991e-02
8.800000e-01 7.600000e-01 1.919790e-02
8.800000e-01 7.800000e-01 1.806191e-02
8.800000e-01 8.000000e-01 1.684144e-02
8.800000e-01 8.200000e-01 1.553692e-02
8.800000e-01 8.400000e-01 1.414793e-02
8.800000e-01 8.600000e-01 1.267480e-02
8.800000e-01 8.800000e-01 1.111719e-02
8.800000e-01 9.000000e-01 9.475375e-03
8.800000e-01 9.200000e-01 7.749077e-03
8.800000e-01 9.400000e-01 5.938482e-03
8.800000e-01 9.600000e-01 4.043407e-03
8.800000e-01 9.800000e-01 2.063943e-03

9.000000e-01 2.000000e-02 1.759108e-03
9.000000e-01 4.000000e-02 3.446254e-03
9.000000e-01 6.000000e-02 5.061400e-03
9.000000e-01 8.000000e-02 6.604662e-03
9.000000e-01 1.000000e-01 8.075923e-03
9.000000e-01 1.200000e-01 9.475375e-03
9.000000e-01 1.400000e-01 1.080283e-02
9.000000e-01 1.600000e-01 1.205854e-02
9.000000e-01 1.800000e-01 1.324225e-02
9.000000e-01 2.000000e-01 1.435429e-02
9.000000e-01 2.200000e-01 1.539434e-02
9.000000e-01 2.400000e-01 1.636277e-02
9.000000e-01 2.600000e-01 1.725920e-02
9.000000e-01 2.800000e-01 1.808408e-02
9.000000e-01 3.000000e-01 1.883697e-02
9.000000e-01 3.200000e-01 1.951834e-02
9.000000e-01 3.400000e-01 2.012772e-02
9.000000e-01 3.600000e-01 2.066564e-02
9.000000e-01 3.800000e-01 2.113156e-02
9.000000e-01 4.000000e-01 2.152605e-02
9.000000e-01 4.200000e-01 2.184853e-02
9.000000e-01 4.400000e-01 2.209962e-02
9.000000e-01 4.600000e-01 2.227870e-02
9.000000e-01 4.800000e-01 2.238639e-02
9.000000e-01 5.000000e-01 2.242209e-02
9.000000e-01 5.200000e-01 2.238639e-02
9.000000e-01 5.400000e-01 2.227870e-02
9.000000e-01 5.600000e-01 2.209962e-02
9.000000e-01 5.800000e-01 2.184853e-02
9.000000e-01 6.000000e-01 2.152605e-02
9.000000e-01 6.200000e-01 2.113156e-02
9.000000e-01 6.400000e-01 2.066564e-02
9.000000e-01 6.600000e-01 2.012772e-02
9.000000e-01 6.800000e-01 1.951834e-02
9.000000e-01 7.000000e-01 1.883697e-02
9.000000e-01 7.200000e-01 1.808408e-02
9.000000e-01 7.400000e-01 1.725920e-02
9.000000e-01 7.600000e-01 1.636277e-02
9.000000e-01 7.800000e-01 1.539434e-02
9.000000e-01 8.000000e-01 1.435429e-02
9.000000e-01 8.200000e-01 1.324225e-02
9.000000e-01 8.400000e-01 1.205854e-02
9.000000e-01 8.600000e-01 1.080283e-02
9.000000e-01 8.800000e-01 9.475375e-03
9.000000e-01 9.000000e-01 8.075923e-03
9.000000e-01 9.200000e-01 6.604662e-03
9.000000e-01 9.400000e-01 5.061400e-03
9.000000e-01 9.600000e-01 3.446254e-03
9.000000e-01 9.800000e-01 1.759108e-03

9.200000e-01 2.000000e-02 1.438631e-03
9.200000e-01 4.000000e-02 2.818381e-03
9.200000e-01 6.000000e-02 4.139314e-03
9.200000e-01 8.000000e-02 5.401366e-03
9.200000e-01 1.000000e-01 6.604662e-03
9.200000e-01 1.200000e-01 7.749077e-03
9.200000e-01 1.400000e-01 8.834795e-03
9.200000e-01 1.600000e-01 9.861632e-03
9.200000e-01 1.800000e-01 1.082983e-02
9.200000e-01 2.000000e-01 1.173914e-02
9.200000e-01 2.200000e-01 1.258987e-02
9.200000e-01 2.400000e-01 1.338172e-02
9.200000e-01 2.600000e-01 1.411502e-02
9.200000e-01 2.800000e-01 1.478945e-02
9.200000e-01 3.000000e-01 1.540537e-02
9.200000e-01 3.200000e-01 1.596242e-02
9.200000e-01 3.400000e-01 1.646100e-02
9.200000e-01 3.600000e-01 1.690070e-02
9.200000e-01 3.800000e-01 1.728197e-02
9.200000e-01 4.000000e-01 1.760437e-02
9.200000e-01 4.200000e-01 1.786835e-02
9.200000e-01 4.400000e-01 1.807345e-02
9.200000e-01 4.600000e-01 1.822015e-02
9.200000e-01 4.800000e-01 1.830798e-02
9.200000e-01 5.000000e-01 1.833742e-02
9.200000e-01 5.200000e-01 1.830798e-02
9.200000e-01 5.400000e-01 1.822015e-02
9.200000e-01 5.600000e-01 1.807345e-02
9.200000e-01 5.800000e-01 1.786835e-02
9.200000e-01 6.000000e-01 1.760437e-02
9.200000e-01 6.200000e-01 1.728197e-02
9.200000e-01 6.400000e-01 1.690070e-02
9.200000e-01 6.600000e-01 1.646100e-02
9.200000e-01 6.800000e-01 1.596242e-02
9.200000e-01 7.000000e-01 1.540537e-02
9.200000e-01 7.200000e-01 1.478945e-02
9.200000e-01 7.400000e-01 1.411502e-02
9.200000e-01 7.600000e-01 1.338172e-02
9.200000e-01 7.800000e-01 1.258987e-02
9.200000e-01 8.000000e-01 1.173914e-02
9.200000e-01 8.200000e-01 1.082983e-02
9.200000e-01 8.400000e-01 9.861632e-03
9.200000e-01 8.600000e-01 8.834795e-03
9.200000e-01 8.800000e-01 7.749077e-03
9.200000e-01 9.000000e-01 6.604662e-03
9.200000e-01 9.200000e-01 5.401366e-03
9.200000e-01 9.400000e-01 4.139314e-03
9.200000e-01 9.600000e-01 2.818381e-03
9.200000e-01 9.800000e-01 1.438631e-03

9.400000e-01 2.000000e-02 1.102473e-03
9.400000e-01 4.000000e-02 2.159850e-03
9.400000e-01 6.000000e-02 3.172107e-03
9.400000e-01 8.000000e-02 4.139314e-03
9.400000e-01 1.000000e-01 5.061400e-03
9.400000e-01 1.200000e-01 5.938482e-03
9.400000e-01 1.400000e-01 6.770444e-03
9.400000e-01 1.600000e-01 7.557444e-03
9.400000e-01 1.800000e-01 8.299325e-03
9.400000e-01 2.000000e-01 8.996285e-03
9.400000e-01 2.200000e-01 9.648125e-03
9.400000e-01 2.400000e-01 1.025508e-02
9.400000e-01 2.600000e-01 1.081692e-02
9.400000e-01 2.800000e-01 1.133391e-02
9.400000e-01 3.000000e-01 1.180578e-02
9.400000e-01 3.200000e-01 1.223283e-02
9.400000e-01 3.400000e-01 1.261476e-02
9.400000e-01 3.600000e-01 1.295190e-02
9.400000e-01 3.800000e-01 1.324391e-02
9.400000e-01 4.000000e-01 1.349116e-02
9.400000e-01 4.200000e-01 1.369328e-02
9.400000e-01 4.400000e-01 1.385064e-02
9.400000e-01 4.600000e-01 1.396289e-02
9.400000e-01 4.800000e-01 1.403038e-02
9.400000e-01 5.000000e-01 1.405275e-02
9.400000e-01 5.200000e-01 1.403038e-02
9.400000e-01 5.400000e-01 1.396289e-02
9.400000e-01 5.600000e-01 1.385064e-02
9.400000e-01 5.800000e-01 1.369328e-02
9.400000e-01 6.000000e-01 1.349116e-02
9.400000e-01 6.200000e-01 1.324391e-02
9.400000e-01 6.400000e-01 1.295190e-02
9.400000e-01 6.600000e-01 1.261476e-02
9.400000e-01 6.800000e-01 1.223283e-02
9.400000e-01 7.000000e-01 1.180578e-02
9.400000e-01 7.200000e-01 1.133391e-02
9.400000e-01 7.400000e-01 1.081692e-02
9.400000e-01 7.600000e-01 1.025508e-02
9.400000e-01 7.800000e-01 9.648125e-03
9.400000e-01 8.000000e-01 8.996285e-03
9.400000e-01 8.200000e-01 8.299325e-03
9.400000e-01 8.400000e-01 7.557444e-03
9.400000e-01 8.600000e-01 6.770444e-03
9.400000e-01 8.800000e-01 5.938482e-03
9.400000e-01 9.000000e-01 5.061400e-03
9.400000e-01 9.200000e-01 4.139314e-03
9.400000e-01 9.400000e-01 3.172107e-03
9.400000e-01 9.600000e-01 2.159850e-03
9.400000e-01 9.800000e-01 1.102473e-03

9.600000e-01 2.000000e-02 7.506597e-04
9.600000e-01 4.000000e-02 1.470599e-03
9.600000e-01 6.000000e-02 2.159850e-03
9.600000e-01 8.000000e-02 2.818381e-03
9.600000e-01 1.000000e-01 3.446254e-03
9.600000e-01 1.200000e-01 4.043407e-03
9.600000e-01 1.400000e-01 4.609932e-03
9.600000e-01 1.600000e-01 5.145736e-03
9.600000e-01 1.800000e-01 5.650941e-03
9.600000e-01 2.000000e-01 6.125425e-03
9.600000e-01 2.200000e-01 6.569337e-03
9.600000e-01 2.400000e-01 6.982528e-03
9.600000e-01 2.600000e-01 7.365169e-03
9.600000e-01 2.800000e-01 7.717091e-03
9.600000e-01 3.000000e-01 8.038485e-03
9.600000e-01 3.200000e-01 8.329158e-03
9.600000e-01 3.400000e-01 8.589323e-03
9.600000e-01 3.600000e-01 8.818767e-03
9.600000e-01 3.800000e-01 9.017716e-03
9.600000e-01 4.000000e-01 9.185946e-03
9.600000e-01 4.200000e-01 9.323692e-03
9.600000e-01 4.400000e-01 9.430719e-03
9.600000e-01 4.600000e-01 9.507270e-03
9.600000e-01 4.800000e-01 9.553101e-03
9.600000e-01 5.000000e-01 9.568461e-03
9.600000e-01 5.200000e-01 9.553101e-03
9.600000e-01 5.400000e-01 9.507270e-03
9.600000e-01 5.600000e-01 9.430719e-03
9.600000e-01 5.800000e-01 9.323692e-03
9.600000e-01 6.000000e-01 9.185946e-03
9.600000e-01 6.200000e-01 9.017716e-03
9.600000e-01 6.400000e-01 8.818767e-03
9.600000e-01 6.600000e-01 8.589323e-03
9.600000e-01 6.800000e-01 8.329158e-03
9.600000e-01 7.000000e-01 8.038485e-03
9.600000e-01 7.200000e-01 7.717091e-03
9.600000e-01 7.400000e-01 7.365169e-03
9.600000e-01 7.600000e-01 6.982528e-03
9.600000e-01 7.800000e-01 6.569337e-03
9.600000e-01 8.000000e-01 6.125425e-03
9.600000e-01 8.200000e-01 5.650941e-03
9.600000e-01 8.400000e-01 5.145736e-03
9.600000e-01 8.600000e-01 4.609932e-03
9.600000e-01 8.800000e-01 4.043407e-03
9.600000e-01 9.000000e-01 3.446254e-03
9.600000e-01 9.200000e-01 2.818381e-03
9.600000e-01 9.400000e-01 2.159850e-03
9.600000e-01 9.600000e-01 1.470599e-03
9.600000e-01 9.800000e-01 7.506597e-04

9.800000e-01 2.000000e-02 3.831659e-04
9.800000e-01 4.000000e-02 7.506597e-04
9.800000e-01 6.000000e-02 1.102473e-03
9.800000e-01 8.000000e-02 1.438631e-03
9.800000e-01 1.000000e-01 1.759108e-03
9.800000e-01 1.200000e-01 2.063943e-03
9.800000e-01 1.400000e-01 2.353099e-03
9.800000e-01 1.600000e-01 2.626628e-03
9.800000e-01 1.800000e-01 2.884477e-03
9.800000e-01 2.000000e-01 3.126713e-03
9.800000e-01 2.200000e-01 3.353268e-03
9.800000e-01 2.400000e-01 3.564224e-03
9.800000e-01 2.600000e-01 3.759499e-03
9.800000e-01 2.800000e-01 3.939186e-03
9.800000e-01 3.000000e-01 4.103192e-03
9.800000e-01 3.200000e-01 4.251619e-03
9.800000e-01 3.400000e-01 4.384367e-03
9.800000e-01 3.600000e-01 4.501543e-03
9.800000e-01 3.800000e-01 4.603040e-03
9.800000e-01 4.000000e-01 4.688973e-03
9.800000e-01 4.200000e-01 4.759226e-03
9.800000e-01 4.400000e-01 4.813919e-03
9.800000e-01 4.600000e-01 4.852933e-03
9.800000e-01 4.800000e-01 4.876391e-03
9.800000e-01 5.000000e-01 4.884168e-03
9.800000e-01 5.200000e-01 4.876391e-03
9.800000e-01 5.400000e-01 4.852933e-03
9.800000e-01 5.600000e-01 4.813919e-03
9.800000e-01 5.800000e-01 4.759226e-03
9.800000e-01 6.000000e-01 4.688973e-03
9.800000e-01 6.200000e-01 4.603040e-03
9.800000e-01 6.400000e-01 4.501543e-03
9.800000e-01 6.600000e-01 4.384367e-03
9.800000e-01 6.800000e-01 4.251619e-03
9.800000e-01 7.000000e-01 4.103192e-03
9.800000e-01 7.200000e-01 3.939186e-03
9.800000e-01 7.400000e-01 3.759499e-03
9.800000e-01 7.600000e-01 3.564224e-03
9.800000e-01 7.800000e-01 3.353268e-03
9.800000e-01 8.000000e-01 3.126713e-03
9.800000e-01 8.200000e-01 2.884477e-03
9.800000e-01 8.400000e-01 2.626628e-03
9.800000e-01 8.600000e-01 2.353099e-03
9.800000e-01 8.800000e-01 2.063943e-03
9.800000e-01 9.000000e-01 1.759108e-03
9.800000e-01 9.200000e-01 1.438631e-03
9.800000e-01 9.400000e-01 1.102473e-03
9.800000e-01 9.600000e-01 7.506597e-04
9.800000e-01 9.800000e-01 3.831659e-04

